asc files/side_v1_1_1.asc
NCOLS 210 
NROWS 360 
XLLCORNER 19.2916666673365 
YLLCORNER 39.6666666673352 
CELLSIZE 0.00833333332695357 
NODATA_value -9999 
[rows 198 to 219 of 360, columns 102 to 152 of 210]
0.971963010559915 0.972021289821288 0.972063971865291 0.972120242309936 0.97218582782893 0.972324978072984 0.972454568933017 0.972306305259481 0.972277462767259 0.972415068423659 0.972361945377426 0.972175804415746 0.972144445438125 0.972154877797458 0.972170792538554 0.972122686462109 0.972071056681369 0.97201714751391 0.971962356062611 0.971898993201318 0.971846369017732 0.971782975490334 0.971741054630983 0.97161768110851 0.971577668047964 0.971565103214746 0.971559322651777 0.97156828012383 0.971605809534632 0.971640414190567 0.971675324698123 0.97172126840989 0.971769250710411 0.971745776082513 0.971784549744158 0.971815698314495 0.971830131791033 0.971844526353998 0.971851499327389 0.971849476668213 0.971824280431183 0.971807718929891 0.971784255968684 0.971758836569754 0.971722451870662 0.971678855010622 0.971640535096053 0.971581037589428 0.971512648291877 0.97143463355573 0.971346229981948
0.971908635443585 0.971965444968589 0.972034495652117 0.972099616482061 0.972234621807596 0.972182085951542 0.972236551472563 0.972245197364374 0.972199348870407 0.972275533946192 0.972305491584704 0.972067338511562 0.972066357051745 0.972023442488026 0.972023175156439 0.972016528146014 0.971970611151995 0.971910247216657 0.971848836212783 0.971778636817817 0.971719124203519 0.971661601744417 0.971601494292483 0.971453897387747 0.971409204986358 0.97137387989319 0.97137236536694 0.971385275609707 0.971423794988855 0.971460722765674 0.971505311704895 0.971555004041984 0.971606614506361 0.971588611690128 0.971633919510991 0.971667953349003 0.9716933011947 0.971701498995406 0.971710417875129 0.971710117986837 0.971702066526416 0.971686642836604 0.971648590557113 0.971622299708168 0.971586515525429 0.971543297469403 0.971492240518674 0.971445647109167 0.971377242665206 0.971299208951449 0.971210851564967
0.971870649904916 0.971914906739605 0.971939512192835 0.972146740926495 0.972133380128898 0.972170865597218 0.972169121193284 0.972140658159554 0.972123468182371 0.972200715904159 0.972249074455007 0.972012973331384 0.971964722609437 0.971894153706676 0.971830578690458 0.971768362014386 0.971782913295247 0.971705401051966 0.971629132626956 0.971541382514025 0.971464976354956 0.971382494879417 0.971321679562361 0.97126416791294 0.971227381268147 0.971190535000247 0.971176626963066 0.971185045009887 0.971207088216117 0.971240556899012 0.971276220350388 0.971324054152117 0.971381186619666 0.971430565875615 0.97147540360898 0.971512000115267 0.971529569718177 0.971548425296287 0.971563078017267 0.971564932123574 0.971559009218553 0.971545631497774 0.971524971551015 0.971584456160941 0.971545904833893 0.971499915265555 0.971446167815306 0.971358428887516 0.971345778724574 0.971264958537889 0.971174266553946
0.971809477734723 0.971854103787309 0.971888114026156 0.972012220435301 0.97208205529361 0.97203508364707 0.972038071134515 0.972072188346516 0.97206161177548 0.972135204981882 0.971972322800229 0.971919257618335 0.971895343044854 0.971774780977583 0.971715525746118 0.971657269423647 0.971575215945418 0.971564381352668 0.971478077474313 0.971379739731053 0.971300789879552 0.971223050399365 0.971154091621719 0.971100558787938 0.971043123232576 0.971015667355636 0.971006253192448 0.971013590066919 0.971028564256019 0.971063723085443 0.971108383724507 0.971152782630238 0.971206347610402 0.971259117539936 0.971307322493415 0.971354237499923 0.971384994027529 0.971395753860484 0.97140763873182 0.971411091959157 0.971411138562897 0.971399051994758 0.971379492971102 0.97142756995133 0.971373470877848 0.9713542657389 0.971300358768647 0.971238152717035 0.97121093560844 0.971116614479181 0.971025652789092
0.971730639469988 0.971924200641925 0.971920297052595 0.971973158620372 0.972017958833719 0.971986749618289 0.971925713823386 0.971998572161759 0.972009419972842 0.971873421630301 0.971892407281638 0.971832540340334 0.971775840022194 0.971695445614746 0.971608178229665 0.971559339892571 0.971457476349022 0.971386343148879 0.971330908994225 0.971248146220706 0.971155335365785 0.971071258521996 0.97099357376632 0.970928422571787 0.970870330274682 0.970826669889506 0.970814358048272 0.97082070409797 0.970847663307582 0.970884543041003 0.970931701481699 0.970985444241606 0.971034607528832 0.971090598234667 0.971142198711838 0.971186143574554 0.971220022722712 0.971243092136663 0.971263130987445 0.971257945133519 0.971249533032286 0.971227326164253 0.971209014032533 0.971256891195315 0.971224079437126 0.971178295178457 0.971124409811014 0.971062087606598 0.971059356109808 0.970977627492543 0.970869944482768
0.971671854332649 0.971861186445388 0.971854605387592 0.971932618649746 0.971877476610904 0.971899929129801 0.971967217847343 0.972011955320519 0.972065399886943 0.971856971986404 0.971823808455828 0.971785357013286 0.971715384890914 0.97159923450245 0.97150786688244 0.971427386332991 0.971345364472167 0.971227832889088 0.971123265124928 0.971047541988284 0.970996836509574 0.970917734116807 0.970833482251195 0.970759797068842 0.970694335389748 0.970657489213336 0.97062982399463 0.970635122672005 0.970658870921368 0.970697586914315 0.970751106385123 0.970807707626953 0.970867329776652 0.970907918689095 0.970962888554951 0.971010646613488 0.971047738857152 0.971072593326476 0.971087761543913 0.971102800197659 0.971103690318032 0.97107685669112 0.971059706081022 0.971107291502346 0.971069597614315 0.971023869047408 0.970980642349845 0.970927549815214 0.970899009454805 0.970806060613965 0.970714202434
0.971695193537031 0.97175305132111 0.971776066980551 0.971828325279431 0.971753855968716 0.97176834546894 0.971827601361212 0.97185591073007 0.971906391697215 0.971760646449215 0.971736579138775 0.971695241699651 0.971618720759982 0.97150282663613 0.971406996136468 0.97132930828621 0.971230601707602 0.971125928662751 0.971034104732346 0.97092548977035 0.970813608782068 0.970759812832173 0.970661158931145 0.970576764348555 0.970510205111802 0.970467661309046 0.970448866130125 0.970462267922313 0.970471780106093 0.97050404244401 0.970556290070163 0.970619446821337 0.970681824171364 0.970743503132216 0.970790978174796 0.970841786980765 0.970882276402331 0.970909110486915 0.970926313923857 0.970934814263037 0.970934996799485 0.97092705379827 0.9709120537761 0.970959360232026 0.970913771288468 0.970868147725121 0.970831776174521 0.97077396521438 0.970741233329968 0.970658685354323 0.970566148683121
0.971645818468261 0.971689337396845 0.971782213638655 0.971702688810141 0.971671236101161 0.971662109104215 0.9717492935234 0.971816724022139 0.971796394327271 0.971616781570001 0.971648621273965 0.97156300656161 0.971486323309829 0.971405603187881 0.971316027149373 0.97120579591907 0.971114964918156 0.971027037018089 0.970919999596861 0.970821082379616 0.970702501842449 0.970589032786303 0.970489801497377 0.970370589249035 0.970297686401523 0.970246928349766 0.97024172223967 0.97024523595636 0.970453471963444 0.970493187788559 0.970548765238061 0.970609795161735 0.970672328312798 0.970731121019586 0.970786350485419 0.970833946765632 0.970861220449257 0.970886327379131 0.971078695752821 0.971084791858397 0.971081577262436 0.971069348780677 0.971048255255039 0.971050007541784 0.971021166751516 0.970973187681147 0.970916016055874 0.970841242303353 0.970960276359849 0.970854210653957 0.97075215278215
0.97157568182442 0.971626877028788 0.971614741923231 0.971600501072212 0.971569120749143 0.971557055947069 0.971585934145635 0.971745272984747 0.971722071382004 0.971537093795944 0.971550291764566 0.971473399771842 0.971408506811 0.971315572352893 0.971213399443841 0.971105678350672 0.970959363704564 0.970855701117495 0.970785665159334 0.970658394095135 0.970563259335251 0.970439682956918 0.970314294555533 0.970143586520557 0.970119088195972 0.970063572834704 0.97003575059905 0.970038738241031 0.970252626016566 0.970300136015269 0.970368221349495 0.970431018223188 0.970495068067796 0.970547950212281 0.970604272457435 0.970656559911351 0.97068158823808 0.970712593860609 0.970903723928409 0.970911687052677 0.970909979797333 0.970908000716867 0.970887851000491 0.970881123327967 0.970842606162888 0.970804882396518 0.970747748662197 0.97068101987627 0.970799018726081 0.970690521041243 0.970582554375397
0.971481530721597 0.971483390078597 0.971442246449038 0.971435844288964 0.971496527169152 0.971504885746329 0.971598388339496 0.971588897399236 0.971653083385986 0.971409906243293 0.971364369944939 0.971354442249208 0.971243125187369 0.9711441868271 0.971044203141035 0.970972736360143 0.97085908697863 0.970722524300886 0.97062358643312 0.970501299839663 0.970393648200111 0.970245212370465 0.970141129323468 0.969977373090066 0.969884266940148 0.969869552686055 0.969847756109293 0.96985046746866 0.970060579715815 0.970109827131634 0.970178601798635 0.970236753505701 0.970301889169708 0.9703522474036 0.970425491828055 0.970464164422578 0.970499902098569 0.970533742264598 0.970708664757159 0.970731126663327 0.970730924555806 0.970721117199488 0.970701909445821 0.970709804725295 0.970671713478031 0.970624234416194 0.970577132083991 0.970510358978009 0.970590889523452 0.970500838368831 0.970398859075532
0.971427175560928 0.971360347843673 0.97137308939607 0.971371305196784 0.971389412635739 0.971540279798894 0.971600884197555 0.97158843486202 0.971360820052329 0.971345008877299 0.971294884535642 0.971215753605614 0.971163755101012 0.971059266316004 0.970944108776576 0.970807446404197 0.970743468762325 0.970618646453825 0.970493397026395 0.970334010108039 0.970190027787088 0.970090757040357 0.969956453298832 0.969782557847978 0.969679978109617 0.969635489968716 0.969596277653301 0.969599593730994 0.969824995889739 0.969932712568673 0.969992946069499 0.970057840622166 0.970117347469732 0.970164721029083 0.970222037400071 0.970271801136652 0.970317199742657 0.970347622789208 0.970534714145227 0.970540594136542 0.970541643968217 0.970532880122609 0.970534366197684 0.970528279344198 0.970481369027182 0.97042063522668 0.970363744222143 0.970301091250113 0.970416170269757 0.97032656728675 0.970207527657172
0.971335799292475 0.971296178575815 0.971267031472582 0.971297851141648 0.971316354044744 0.971436114338726 0.971473609656271 0.971531505552257 0.971297162397931 0.971244290086327 0.971221491965232 0.971115933519299 0.971018676706918 0.970918886438278 0.97079876283094 0.970711315280644 0.97057292544202 0.970426386637451 0.970383937326586 0.970226405745023 0.970046201086778 0.969893704658572 0.969761370560071 0.969610359005993 0.969496779624432 0.969432529282143 0.969423826705129 0.969421103307849 0.969651611303976 0.969703070754552 0.969763641277549 0.969885850746716 0.969951064833841 0.969988860463935 0.970045306639176 0.970095084605853 0.970135974624059 0.970167101187263 0.97035665268239 0.97036878173356 0.970365329067092 0.970372159115046 0.970354341250355 0.970319804365683 0.970282492184511 0.970245826796207 0.970189098448689 0.970125881906482 0.970238946483664 0.970157446657116 0.970032108931133
0.971123990704019 0.971071739117294 0.971141829129897 0.971148943910842 0.971212867348768 0.971243687386059 0.971347619754349 0.971239248325823 0.971204386697348 0.971151545080605 0.971082452001072 0.97101210477027 0.970919919521105 0.970815095617127 0.970704654453485 0.970615499117029 0.97047449292773 0.970325885100335 0.97023392112607 0.970097919061202 0.96993709988416 0.969789829576259 0.969666310682333 0.969498634476776 0.969485632749475 0.96940502109528 0.969378922785513 0.969439995968338 0.969582842903704 0.969639650248472 0.969704914683001 0.969773959616204 0.969900318790096 0.970223867344399 0.970294524772325 0.970333717448301 0.970377815723215 0.970411322073407 0.970321257116977 0.970353200868863 0.97037147065812 0.970354882425505 0.970345141168661 0.970324180251614 0.970292062903468 0.970248877507323 0.970201613945449 0.970136184501597 0.97005945191726 0.969971196178174 0.969866619541484
0.971003664860588 0.971008398571629 0.971063392014507 0.971088095779519 0.97112715723542 0.971177826909411 0.971280497694298 0.971062840393269 0.971110750637127 0.971074287533052 0.971008249507711 0.970923494223617 0.97083057368248 0.970722338279947 0.970582159550669 0.970446020571767 0.970300990246505 0.970148126758348 0.970056143304663 0.969891310260798 0.969828400804214 0.969666656604966 0.969528285072148 0.969391325079288 0.96925019815585 0.96924820063603 0.969253053872865 0.969263789248932 0.969427400676971 0.969484514476995 0.96954727261336 0.969604447622436 0.969671313838687 0.969990343679047 0.970108996019908 0.970107161741829 0.970198434628843 0.970231440614117 0.970134380299631 0.970146844384279 0.970161788375199 0.970171809817697 0.970163081503876 0.970148188638097 0.97011686077217 0.970074426089507 0.970020908194117 0.969956257368524 0.969880357290062 0.969793033604603 0.96969406543244
0.970998099117922 0.97094120794269 0.970956398428837 0.971036510617032 0.971093399529229 0.971119153257454 0.971001596870041 0.970977138357525 0.971009702847844 0.970982232200627 0.970905265781589 0.970831897865369 0.970736574214213 0.970608566225136 0.970465932454078 0.97033820961403 0.970189632755275 0.970033122187494 0.969912818609386 0.969769026426884 0.969616196701936 0.969545670057102 0.969410116153819 0.969269631513964 0.969152501348313 0.969038842872199 0.969125748676733 0.96913373119229 0.969268760018585 0.969312273625311 0.969389079170575 0.969451750999606 0.969505616288878 0.969818841616361 0.969876673382991 0.969939948485041 0.969981588976011 0.969991541839097 0.969886977488593 0.969914580679032 0.969983255770805 0.969986764516085 0.969978498950827 0.969959057796901 0.969928422154064 0.969891854233833 0.969839077207065 0.96977523842936 0.969700259545091 0.969614012646999 0.969516331476174
0.970872327420981 0.970896084916818 0.970923145971508 0.97096655724696 0.971008781652805 0.971048926444875 0.97092753489169 0.970907014067936 0.970939677996557 0.970877175993336 0.970806190475619 0.970753357011412 0.970631677735323 0.970480422466302 0.970354417646526 0.970220909816551 0.970079198497966 0.969933466927585 0.969812924378436 0.969666893605618 0.969526779570688 0.969381028443084 0.969316511769362 0.969182144587243 0.969059024324264 0.968981762082916 0.968927214096958 0.969005528942679 0.969129199402182 0.969166736434545 0.969221061902101 0.969296718157397 0.969345821553525 0.969652037394356 0.969706464134474 0.969735243577856 0.969789887214423 0.969820053391706 0.969701302948409 0.96978258068333 0.969797941537917 0.969801630995362 0.969793855094559 0.969774810398218 0.969744450684265 0.969703325160589 0.969656366605643 0.969593353662514 0.969519367206565 0.969434326164062 0.969338120203781
0.970752409903531 0.970792502973857 0.970847626717587 0.970898167386524 0.970941105516674 0.971048395450001 0.970852446040861 0.970831550170211 0.97086193572098 0.970797117935069 0.970714790556837 0.970623644631364 0.970527124441044 0.97039323205071 0.970258468262126 0.970122594685826 0.969978287054882 0.969832046649104 0.969644682794658 0.969571480013188 0.969429672538397 0.969281133310321 0.969137372620843 0.969085361736569 0.968963405059283 0.968877711349165 0.968815325733928 0.968809565673631 0.969004402303823 0.969038317353206 0.969077968769057 0.969130607649596 0.969201499921681 0.969452709019741 0.969502954939148 0.969564940171093 0.969611418347382 0.969634384629068 0.969513809372619 0.969548522771605 0.969548740255248 0.969552293578823 0.96960902275951 0.969590134628946 0.969560293783047 0.969519337357595 0.969467901004325 0.969386900406645 0.969314133491148 0.969230579762363 0.969136185993922
0.970675564561794 0.970714249318968 0.970768200590425 0.970617841551353 0.970643948297463 0.97073377655743 0.970593989958453 0.970575903437238 0.970559010501155 0.970506399575411 0.970440061818473 0.970372078369827 0.970256152351816 0.970186971810958 0.970080900909573 0.969960153263207 0.969837687988654 0.969720506354602 0.969605349468663 0.969538939860409 0.969402838828554 0.969261786254573 0.969218588998299 0.968944918018734 0.968821388796771 0.968712374195327 0.968658423833495 0.968619208905294 0.968655896627727 0.968711398178869 0.968813448632588 0.968894455764859 0.968964781722772 0.96903828899131 0.96910817844557 0.969153409299055 0.969238096408151 0.969284006178209 0.969305792674241 0.969330757134049 0.969344746013115 0.969350485405232 0.96935941353995 0.969340485432535 0.969310819472787 0.969270514909285 0.969219256812765 0.969222601493596 0.969140722548582 0.969049729245383 0.9689571006524
0.970566751171909 0.970622944146358 0.970685386924387 0.97051927669082 0.970543274603506 0.970431068741009 0.970502040228204 0.970489844708332 0.970467165898932 0.970413897859533 0.970348044291387 0.97023909594647 0.970167345764967 0.970065621850385 0.969990898871832 0.969870263286286 0.969731383234231 0.969595275214648 0.969523352811516 0.969383426067942 0.96925181586812 0.969112718285459 0.969041463211381 0.968783024966039 0.968668750182437 0.968625032360381 0.96857840297688 0.968499971898716 0.968510550730644 0.968528495110717 0.968557655663525 0.968699509009151 0.968815278033996 0.968858097677598 0.968931762675214 0.96898996683725 0.969051837740317 0.969105701685635 0.969138554733011 0.969161291541285 0.969161985219931 0.969163836407093 0.969148624565947 0.969129386917306 0.969099697519751 0.96908340587654 0.969032959222661 0.968971840893841 0.968901059780678 0.968875422505842 0.968784528311191
0.970485053317997 0.970539645262831 0.970600134635083 0.970437002238485 0.970547140954662 0.970338763941863 0.970414237898227 0.970392928344785 0.970348482494244 0.970307020083848 0.970236833402414 0.97015039076844 0.970078196470242 0.969976456858571 0.969871150713258 0.969781535064313 0.969643416273793 0.969508494297103 0.969416636552919 0.969297716022047 0.969159810594621 0.969023137819256 0.968866784167176 0.96866805339212 0.968547475016597 0.968457477401185 0.96847191660197 0.9684009098579 0.968422549670747 0.968424834280126 0.968475504578906 0.968518592022412 0.968658232081898 0.968715695330683 0.96878465138596 0.968838228981356 0.968899744054336 0.9689330229982 0.968962498327245 0.96898256036101 0.968992786757509 0.968992954079273 0.968986238075755 0.968966173455539 0.968931167624811 0.968890969898855 0.968840819026557 0.968780800511787 0.968711001868279 0.968638325526986 0.96842790836091
0.970425082206772 0.970477870673549 0.970509468629957 0.970368414233795 0.970242140306781 0.970253746193052 0.970255119813551 0.970305608022427 0.970260201772333 0.970206314682018 0.970121069477412 0.970060960025675 0.969969975365609 0.969887381547981 0.969776469451986 0.969636462929496 0.969556888487031 0.969423659633254 0.969331888343724 0.969198313645087 0.969080124266226 0.968912381119342 0.968783446440676 0.968525090140845 0.968468961651858 0.968371102345116 0.968298684241509 0.968326908400639 0.968318342609427 0.96833252195376 0.968349168048912 0.968360963675895 0.968438703294274 0.968571707037657 0.968619862883627 0.968677832693556 0.968719463596152 0.968768475419037 0.968793938465245 0.968805783693524 0.968813448203421 0.968811607713554 0.968792883953871 0.968782025723548 0.968745719137786 0.96870575803909 0.968655658486416 0.968571867739231 0.968404378535564 0.968325639406931 0.968244522279088
0.970334959134333 0.970369826989272 0.970416354241981 0.970285801682809 0.970156114131219 0.970166238154216 0.970165220295539 0.970146660191022 0.970169316169691 0.970115700656679 0.970043544740899 0.969963991324512 0.969855391629355 0.969754682443589 0.969636759954132 0.969512625683696 0.969387231242862 0.969299092304647 0.969207977687509 0.969076943284941 0.968924911853791 0.968818284318347 0.968692090969512 0.968441537346388 0.968339669457974 0.968227874582604 0.968226279234455 0.96817236823719 0.968218269124046 0.968228431794805 0.968250748172031 0.968260284015383 0.968276224291841 0.968310559492128 0.968399866348974 0.968472813919464 0.968555869621987 0.968586450278254 0.968611195410101 0.968624344923112 0.968628403605272 0.968624154935221 0.968610766465949 0.968588130032659 0.968560542407344 0.968524186621516 0.96844993377158 0.96827887079662 0.968210080131582 0.968132482461515 0.968046812469543
