asc files/side_v1_1_1.asc
NCOLS 210 
NROWS 360 
XLLCORNER 19.2916666673365 
YLLCORNER 39.6666666673352 
CELLSIZE 0.00833333332695357 
NODATA_value -9999 
[rows 22 to 43 of 360, columns 0 to 50 of 210]
-9999 -9999 -9999 -9999 -9999 -9999 -9999 -9999 -9999 -9999 -9999 -9999 -9999 -9999 -9999 -9999 -9999 -9999 -9999 -9999 -9999 -9999 -9999 -9999 -9999 -9999 -9999 -9999 -9999 -9999 0.970528016682677 0.970597169245597 0.970663205934966 0.970730814624182 0.970798317384126 0.970098307447057 0.970170838220206 0.970243237625561 0.970321335027007 0.97039124164966 0.970594042127105 0.970664846805117 0.970735527193733 0.970806083203336 0.970876514675287 0.971358871929627 0.97142535958687 0.971491742651217 0.971554631917164 0.971620840456438 0.971679884546728
-9999 -9999 -9999 -9999 -9999 -9999 -9999 -9999 -9999 -9999 -9999 -9999 -9999 -9999 -9999 -9999 -9999 -9999 -9999 -9999 -9999 -9999 -9999 -9999 -9999 -9999 -9999 -9999 -9999 -9999 0.970516637631676 0.970585831305797 0.970651892860311 0.970719545254967 0.970787094147696 0.970093878586402 0.970166435747527 0.970238863989751 0.970317010606826 0.970386936414201 0.970592302635861 0.970659388529535 0.970730114220507 0.97080071748644 0.970871198057294 0.971350049814919 0.971416602571517 0.971483052178954 0.971545992913217 0.971612270863276 0.971671836292083
-9999 -9999 -9999 -9999 -9999 -9999 -9999 -9999 -9999 -9999 -9999 -9999 -9999 -9999 -9999 -9999 -9999 -9999 -9999 -9999 -9999 -9999 -9999 -9999 -9999 -9999 -9999 -9999 -9999 -9999 0.970505162107657 0.970573010208179 0.970640482002732 0.970708177829958 0.970775772736005 0.970089351767428 0.97016193546657 0.970234392829994 0.970312589476748 0.970382534671625 0.970586720837491 0.970653835106299 0.9707246068714 0.970795258211069 0.970865788724408 0.971341135605965 0.971407754296255 0.971474271244507 0.971537263740765 0.971603611761234 0.971663698257212
-9999 -9999 -9999 -9999 -9999 -9999 -9999 -9999 -9999 -9999 -9999 -9999 -9999 -9999 -9999 -9999 -9999 -9999 -9999 -9999 -9999 -9999 -9999 -9999 -9999 0.96964019474389 0.969714131790063 0.969786779600298 0.969859296295856 0.969936111935593 0.970038393731834 0.970110052117182 0.970182989079784 0.97025277367124 0.970324126063136 0.970464957341651 0.970535799024304 0.970606524482684 0.970677133966607 0.970751236205581 0.970450187319465 0.97052221479732 0.970590348824589 0.97066213955857 0.970733805093175 0.971332130331872 0.971398816063691 0.971465401425146 0.971528446238319 0.97159486525838 0.971655472814141
-9999 -9999 -9999 -9999 -9999 -9999 -9999 -9999 -9999 -9999 -9999 -9999 -9999 -9999 -9999 -9999 -9999 -9999 -9999 -9999 -9999 -9999 -9999 -9999 -9999 0.96962955672744 0.969704901812739 0.969778725028218 0.96985125776822 0.969923664041652 0.970030460783635 0.970102142704337 0.970175109280686 0.970244906970066 0.970316292489731 0.970456285757393 0.970527169333101 0.970597939551306 0.970668596577021 0.97074504304222 0.970445630086227 0.97051769898506 0.970585860440421 0.970657697062521 0.970729410448635 0.971323035153689 0.97138978934895 0.971456444512387 0.971519542501425 0.971586033763614 0.971647162680174
-9999 -9999 -9999 -9999 -9999 -9999 -9999 -9999 -9999 -9999 -9999 -9999 -9999 -9999 -9999 -9999 -9999 -9999 -9999 -9999 -9999 -9999 -9999 -9999 -9999 0.969621391725251 0.969696748509038 0.969769405755697 0.969843121367128 0.969915545390824 0.970022427159789 0.970094132118995 0.970167128097586 0.970236938526056 0.970308357402698 0.970454640308691 0.970518438684056 0.970589254519418 0.970659960133976 0.970736477943211 0.970440976096416 0.970513087937256 0.970581278038661 0.970653162249308 0.970724925241811 0.971313851342834 0.971380675781103 0.971447402496505 0.971510554870387 0.971577119977756 0.971638770913077
-9999 -9999 -9999 -9999 -9999 -9999 -9999 -9999 -9999 -9999 -9999 -9999 -9999 -9999 -9999 -9999 -9999 -9999 -9999 -9999 -9999 -9999 -9999 -9999 -9999 0.969613131007472 0.969685915574017 0.969761165552009 0.969833710327836 0.969907325449239 0.970014290428041 0.97008601797814 0.97015904323334 0.970230561043092 0.970300318775936 0.970445786980271 0.970509605453435 0.970580468012834 0.970651223539645 0.970721871743882 0.970436224874472 0.970508381521295 0.970580421234998 0.970648535712348 0.970720350452924 0.971304580275003 0.971371477139751 0.971438277565841 0.971504980064221 0.971568126898713 0.971630300919073
-9999 -9999 -9999 -9999 -9999 -9999 -9999 -9999 -9999 -9999 -9999 -9999 -9999 -9999 -9999 -9999 -9999 -9999 -9999 -9999 -9999 -9999 -9999 -9999 -9999 0.969604772047467 0.969677562331717 0.969750229918195 0.96982538060087 0.969897820423377 0.970001573648125 0.970077797484209 0.970149440323711 0.970222399853786 0.970292174234124 0.970436828592233 0.970500667729296 0.970571578403793 0.97064238547951 0.970713088499881 0.970431375807328 0.970503579509201 0.970575668953269 0.970643818038192 0.970715687101529 0.971295223412672 0.971362195339988 0.971429072094243 0.971495851899048 0.971559057814154 0.971621756448496
-9999 -9999 -9999 -9999 -9999 -9999 -9999 -9999 -9999 -9999 -9999 -9999 -9999 -9999 -9999 -9999 -9999 -9999 -9999 -9999 0.969138802452941 0.96921277614717 0.969286607504531 0.96936990724862 0.969443451146434 0.96952167133432 0.96959509534024 0.969668396272349 0.96974418313742 0.969817256590041 0.969993212987737 0.970069467355427 0.970141136253394 0.97021412956007 0.970283920997146 0.970773489850474 0.970833993229019 0.970901615566832 0.970969157059628 0.971036616972177 0.970421508062411 0.970498681549093 0.970570823564269 0.970639009783219 0.970710936225503 0.97128578228529 0.971352832414635 0.971419788625301 0.971486648817129 0.97154991628995 0.971613141586659
-9999 -9999 -9999 -9999 -9999 -9999 -9999 -9999 -9999 -9999 -9999 -9999 -9999 -9999 -9999 -9999 -9999 -9999 -9999 -9999 0.969131070646601 0.969205030722857 0.96927884980344 0.969362179819394 0.969435715955391 0.969513777811945 0.969587200789432 0.969660504314876 0.969733691921887 0.969809385012763 0.969983561331701 0.970056517449301 0.970132718928015 0.970205746686778 0.970275555829882 0.970761484392598 0.970829257691737 0.970889704009775 0.970957311041416 0.971024840259774 0.970417709882203 0.970493687141036 0.970565885066878 0.970637972727086 0.970706098863458 0.971276258477098 0.97134339050348 0.971410429862891 0.971477374092872 0.971540706163344 0.97160446074817
-9999 -9999 -9999 -9999 -9999 -9999 -9999 -9999 -9999 -9999 -9999 -9999 -9999 -9999 -9999 -9999 -9999 -9999 -9999 -9999 0.969123245043017 0.969197187977403 0.96927099131493 0.969344660502229 0.969427874224851 0.969505775052475 0.969579194634614 0.969652498798452 0.969725691410836 0.969801397347878 0.969974979591926 0.97004676192577 0.970124184062918 0.970197247192837 0.970268797638749 0.970749363863448 0.970817197222637 0.970877681417104 0.97094535682785 0.971012958502643 0.970412556762059 0.970488595603503 0.970560853329568 0.970633003655881 0.970701176026958 0.971266653594798 0.971333871821805 0.971400998640339 0.971468031185343 0.97153143151317 0.971595718648341
-9999 -9999 -9999 -9999 -9999 -9999 -9999 -9999 -9999 -9999 -9999 -9999 -9999 -9999 -9999 -9999 -9999 -9999 -9999 -9999 0.969115322501194 0.969189244243479 0.969263027887425 0.969336679619916 0.969419921036108 0.969497657865342 0.96957107149473 0.969644374232253 0.969717570306258 0.9697906634097 0.96996627467306 0.970038078109535 0.970115526699254 0.970186733565247 0.970260215517952 0.970737124316672 0.970805020321282 0.970865544730309 0.970933291862235 0.971000969676146 0.970407301275081 0.970478428734627 0.970555728070307 0.970627945738137 0.970696168682534 0.971256969253619 0.97132427864627 0.971391497905797 0.971458623722881 0.971525652800631 0.971586920285814
-9999 -9999 -9999 -9999 -9999 -9999 -9999 -9999 -9999 -9999 -9999 -9999 -9999 -9999 -9999 -9999 -9999 -9999 -9999 -9999 0.969107299086227 0.969181194958915 0.969254954398895 0.969328584468372 0.969402091913659 0.969489420015702 0.969562824959426 0.969636124124932 0.969709322124126 0.969782422940835 0.969957440343601 0.970029265205291 0.970101008674387 0.970177979955433 0.970251508814629 0.970724761231701 0.970792722957424 0.970853290434637 0.970921113190279 0.970988871415915 0.970401941674498 0.970473119813182 0.970550508834494 0.970622799193884 0.970694985177133 0.971247207054602 0.971314613291029 0.971381930696678 0.971449155475488 0.971516283843713 0.971578070910386
-9999 -9999 -9999 -9999 -9999 -9999 -9999 -9999 -9999 -9999 -9999 -9999 -9999 -9999 -9999 -9999 -9999 -9999 -9999 -9999 0.969099169807069 0.969173034393042 0.969246764485336 0.96932036817416 0.969393853105959 0.969481054011603 0.969554447401936 0.969627740822453 0.969700939279702 0.96977404704743 0.970016602097395 0.970090660097938 0.970162003307989 0.970238580608532 0.970311733092915 0.97070760212482 0.970780300546694 0.970848276630241 0.970908817431241 0.970976660992893 0.970691961367905 0.970761652761909 0.970835038605401 0.970904610874303 0.970974097667297 0.971128710961061 0.971197116846047 0.971265430227185 0.971333646802282 0.971401762281727 0.971569175984655
-9999 -9999 -9999 -9999 -9999 -9999 -9999 -9999 -9999 -9999 -9999 -9999 -9999 -9999 -9999 -9999 -9999 -9999 -9999 -9999 0.969090928254355 0.969164755281876 0.969238450193076 0.969312022268923 0.969385480162924 0.969472550867375 0.969545929781412 0.969619215345407 0.969692412954859 0.969765527158523 0.970006569206233 0.970078001435496 0.970152035347432 0.970223348803623 0.970301861341932 0.970694961645499 0.970767747931773 0.970835804059443 0.970896400769423 0.970964335308548 0.970683635047768 0.970753413292479 0.970821856887342 0.970896564819613 0.97096615020286 0.9711199397162 0.971188452023774 0.97125687322517 0.971325198446787 0.971393422828944 0.971560241148883
-9999 -9999 -9999 -9999 -9999 -9999 -9999 -9999 -9999 -9999 -9999 -9999 -9999 -9999 -9999 -9999 -9999 -9999 -9999 -9999 0.969082566062751 0.969156348309936 0.96923000150726 0.969303536279802 0.969376962367491 0.969454020946768 0.96953726141996 0.969610537212179 0.969683732957849 0.969756853449418 0.969996382706457 0.970067843052387 0.970141917587356 0.970213275901855 0.970289922037878 0.970682179966392 0.970755059349416 0.97082320104249 0.970883858931566 0.970951890876033 0.970675197755915 0.970745070004052 0.970813597135662 0.970888430183834 0.970958122033326 0.97111505369144 0.971179722143693 0.971248259310807 0.97131670133372 0.971385042743878 0.971551272163339
-9999 -9999 -9999 -9999 -9999 -9999 -9999 -9999 -9999 -9999 -9999 -9999 -9999 -9999 -9999 -9999 -9999 -9999 -9999 -9999 0.969074072156634 0.969147801424937 0.9692214057687 0.969294897259595 0.969368286737538 0.969445163041523 0.969528429809304 0.969601694301529 0.969674887626062 0.96974801477238 0.969986032013319 0.970057522574527 0.97012896506326 0.970203047560786 0.970275878048191 0.970669249924155 0.970737503639517 0.970810462037082 0.970880304034937 0.970939323838911 0.970666646508113 0.970736620790412 0.970805239410622 0.970880206620067 0.970950013693804 0.97110615954965 0.971170929492982 0.971239591652608 0.971308159516435 0.971376626971664 0.97154227486527
-9999 -9999 -9999 -9999 -9999 -9999 -9999 -9999 -9999 -9999 -9999 -9999 -9999 -9999 -9999 -9999 -9999 -9999 -9999 -9999 0.969065431655459 0.969139098914724 0.969212646951129 0.969286089256413 0.969359437658724 0.969436128560575 0.969509458983889 0.969592672760236 0.969665863769842 0.969738998621243 0.969975505325245 0.970047028930547 0.97011851439832 0.970192654264566 0.970264076647876 0.97065616367024 0.970724507881227 0.970797580995624 0.970867538911589 0.970926629993864 0.97065797804335 0.970728063331102 0.970798089542905 0.970866784511767 0.970941825643968 0.971097195564248 0.971162076337617 0.971230873415392 0.971299577057077 0.971368180474989 0.971536908694
-9999 -9999 -9999 -9999 -9999 -9999 -9999 -9999 -9999 -9999 -9999 -9999 -9999 -9999 -9999 0.968460773849531 0.968529367345854 0.968608424816853 0.968687314712436 0.968766066723049 0.969056624335115 0.969130220239129 0.96920370485408 0.969277092807791 0.969350396602253 0.969426899969254 0.969500206986957 0.96958345700523 0.969656646692465 0.969729791153889 0.970258899632872 0.970328438418521 0.970397959448895 0.970467463274326 0.970539657887125 0.970643646967939 0.970711355018874 0.970784551396514 0.970854634231119 0.97091380483293 0.970982144304265 0.971050445458307 0.971118701819051 0.971185624819583 0.971258946929955 0.971033115783395 0.971102608343891 0.971168010113892 0.971237331129641 0.971306549392896 0.97152696707223
-9999 -9999 -9999 -9999 -9999 -9999 -9999 -9999 -9999 -9999 -9999 -9999 -9999 -9999 -9999 0.968452293618541 0.968520744719637 0.968599697663374 0.968678479406789 0.968757127614693 0.969047622598654 0.969121138722221 0.969194554384981 0.969267884641207 0.969341142085369 0.969417457410502 0.96949074143319 0.969563979254833 0.969647220318956 0.969720377290583 0.970244762716103 0.97031435476033 0.970383940681399 0.970453520796032 0.970525807859599 0.970630257742711 0.970698037008739 0.970766578620054 0.970841584179532 0.970910105454152 0.970969322736659 0.971037769861786 0.971106177703683 0.971173240877096 0.971246748203562 0.971024647952961 0.971094294171789 0.971159827338438 0.9712293043596 0.97129867876708 0.971517509458618
-9999 -9999 -9999 -9999 -9999 -9999 -9999 -9999 -9999 -9999 -9999 -9999 -9999 -9999 -9999 0.968438859738749 0.968512000758047 0.968590819139105 0.968669468449253 0.968747995882137 0.969038389145746 0.969111820460333 0.969185165290844 0.969258437870098 0.969331650072034 0.96940777914597 0.96948104239867 0.969554271397842 0.969637567410182 0.969710740849934 0.970230406799193 0.970300057732563 0.970369715090702 0.970439378957582 0.970509048074366 0.970616685717933 0.970685278396058 0.970753213773877 0.970828382705506 0.970897049074353 0.970956372150913 0.971024977426332 0.971093549123874 0.971160764571262 0.971229285471032 0.971016114491433 0.971085926990076 0.971151603559117 0.971221249122969 0.971290792158444 0.971508048151743
-9999 -9999 -9999 -9999 -9999 -9999 -9999 -9999 -9999 -9999 -9999 -9999 -9999 -9999 -9999 0.968430145641739 0.968513872817464 0.968581729309609 0.96866022139515 0.968738616393639 0.969028875379028 0.969102224428507 0.969175503086318 0.969248723182877 0.969321895111437 0.969397842499439 0.969471089176514 0.969544313482847 0.969627669860035 0.969700864714211 0.970215815735001 0.970285532211317 0.970355268660313 0.970425024939285 0.970494799358228 0.970598676488257 0.970671640624966 0.970739678338477 0.970815023655359 0.970883848023818 0.970943288933996 0.97101206573836 0.971080814798278 0.971149526615601 0.971216903263319 0.971007517093096 0.971077509358408 0.97114741850866 0.971213169549514 0.971282894429944 0.971498588725001
