asc files/side_v1_1_2.asc
NCOLS 210 
NROWS 360 
XLLCORNER 19.2916666673365 
YLLCORNER 39.6666666673352 
CELLSIZE 0.00833333332695357 
NODATA_value -9999 
[rows 22 to 43 of 360, columns 48 to 95 of 210]
0.00734730868700999 0.00732567809507634 0.00727982992160316 0.00725886036215636 0.0072379330676237 0.00721704890091169 0.00719620868872948 0.0071690176442442 0.00714819082491648 0.00712741094204921 0.00710667862785011 0.00708599445768979 -9999 -9999 -9999 -9999 -9999 0.00685662580701804 0.00683692117436288 0.00681733274013928 0.00679771523582786 0.00677814505257728 0.00674160377999576 0.00672290245311571 0.00670424196140117 0.00668562215139158 0.00666704284325711 0.00663759694069032 0.00661901852190539 0.00660048083176798 0.00658198367262654 0.00656389207106362 0.00654439770200978 0.00652601910037312 0.0065076807528738 0.00648938280015805 0.00647058764122979 0.00643483416806138 0.00641670839204505 0.00639862545987317 0.006380586777534 0.00636259420829308 0.00634086911406945 0.00632296943227591 0.00630512521458673 0.00628734101578364 0.0062696221883139 0.00613552876132224
0.00734781815139436 0.00732615773202707 0.00727958439879253 0.00725858717089206 0.0072376319881541 0.00721671977693169 0.00719585142243827 0.0071687342679811 0.00714787883112054 0.00712707037446187 0.00710630956344161 0.00708559699908985 -9999 -9999 -9999 -9999 -9999 0.00685676514816406 0.00683702974093877 0.00681741110645684 0.00679776270362784 0.00677816150618052 0.00674243254351943 0.0067236960521686 0.00670500003251229 0.00668634422237195 0.00666772832242805 0.00663836465960902 0.00661974761220472 0.0066011702777978 0.00658263229034415 0.00656450022932969 0.00654495850565032 0.00652653437503865 0.00650814848216883 0.00648980071096795 0.00647095209200359 0.00643533455250858 0.00641714963134255 0.00639900408097885 0.00638089899452312 0.00636283595148301 0.00634107540461564 0.00632309640150781 0.0063051685350353 0.00628729669454217 0.00626948692844131 0.0061358372342135
0.00734835242887227 0.00732666140909403 0.00727936287503925 0.00725833729069394 0.00723735358787965 0.00721641276415595 0.00719551577066518 0.00716847204470132 0.00714758765636418 0.00712675038309492 0.00710596092922802 0.00708521992657902 -9999 -9999 -9999 -9999 -9999 0.0068569262173262 0.00683716079453613 0.00681744269443838 0.00679783454769477 0.00677820344645178 0.00674328759118954 0.00672451727252294 0.00670578716955331 0.00668709690743321 0.00666844606297079 0.0066391662630111 0.00662051241749581 0.00660189735240522 0.00658332052618248 0.00656406720967389 0.00654556298852393 0.00652709548202459 0.00650866421706742 0.0064902687919561 0.00647136875287262 0.0064358891297047 0.00641764689459387 0.00639944027555875 0.00638126991914659 0.00636313694963167 0.00634134069457722 0.00632328106409664 0.00630526690758504 0.00628730317118101 0.00626939639020332 0.0061361825510024
0.00734891058053319 0.00732718808238428 0.00727916420411675 0.00725810947771983 0.00723709653014334 0.00721612643864895 0.0071952002284629 0.00716789373118455 0.0071473156579569 0.0071264492674169 0.0071056309759919 0.00708486145211786 0.00706261414117885 0.0070418550923926 0.00702114707024834 0.00700049037972273 0.00697915241213974 0.00685710723554272 0.00683731260446594 0.00681756555619682 0.0067979291794974 0.00677826937896444 0.00674416753939612 0.00672536485821712 0.00670660226222923 0.0066878792611387 0.00666919530507503 0.00664000119404894 0.00662131261495841 0.00660266199637208 0.00658404861909953 0.00656475546642213 0.00654621210847108 0.00652770382639542 0.00650922988124294 0.0064907895709716 0.00647184085014731 0.00643650194979898 0.0064182051907273 0.00639994015994619 0.00638170693050315 0.00636350599319452 0.00634167530370677 0.00632353531675211 0.00630543372183245 0.00628737502614107 0.00626936572446494 0.00613657942287422
0.00734949154773922 0.00732773657459631 0.00727898709308877 0.00725790232766715 0.00723685930404569 0.00721585918842099 0.00719490308899222 0.00716766608890499 0.0071470609635785 0.00712616508341583 0.00710531769721619 0.00708451951660569 0.00706228173028289 0.00704149488354473 0.00702075957041949 0.00700007609687448 0.00697870958201991 0.00685730607249774 0.00683748307582922 0.00681770807082828 0.00679804462057071 0.00677835740617367 0.00674507058723892 0.00672623712157506 0.00670744375301704 0.00668868987384481 0.00666945049734734 0.00664086839136673 0.00662214735346453 0.00660346359551225 0.00658481622357156 0.00656548581304871 0.00654690617287897 0.00652836012983886 0.00650984668590738 0.0064913648433472 0.00647237087384299 0.00643717635139808 0.00641882888606792 0.00640050934305277 0.00638221713205247 0.00636395196620098 0.00634209020497128 0.00632387252310432 0.00630568496451782 0.00628753091058025 0.00626941588700294 0.00613705005463924
0.00735009414852283 0.00732830557057568 0.00727883009617743 0.00725771426876072 0.00723664021650784 0.00721560920450674 0.00719462243354195 0.00716745413498508 0.00714682145902268 0.00712589562998912 0.00710501881400699 0.00708419177322048 0.00706196340444709 0.00704114883909966 0.00702038646400286 0.00699967659064409 0.00697828197272889 0.00685752021899103 0.00683766971968654 0.00681786778436617 0.00679817846771579 0.00677846518986416 0.00674599447695249 0.00672713190018744 0.00670830959012131 0.00668952681980694 0.00667025598287919 0.0066417662237955 0.00662301517852799 0.00660430089298706 0.00658562230545248 0.00656625745983288 0.00654764468519715 0.00652906424116106 0.00651051489416747 0.00649199537777877 0.00647296021034835 0.0064379145042939 0.00641952113792252 0.00640115223094526 0.00638280650915325 0.00636448284715568 0.00634259588276885 0.00632430629835796 0.00630603811488278 0.00628779294632617 0.00626957424784429 0.00613762695413261
0.00734987460557034 0.0073288936122788 0.00727869160961573 0.00725754355591046 0.00723643738568805 0.00721537447357408 0.00719435612324454 0.00716725561177772 0.00714659477771581 0.0071256384372204 0.00710473176199256 0.00708387557280109 0.00706165644019969 0.00704081417248555 0.00702002491332459 0.00699928898497232 0.00697860657780252 0.00685774676025151 0.0068378696241872 0.00681804180246372 0.00679832785962668 0.00677858991543153 0.0067469364550407 0.00672804651535586 0.0067091971828635 0.00669038760893681 0.00667108745456583 0.00664269243173405 0.00662391396597439 0.00660517191258038 0.00658646505110313 0.0065670687642801 0.00654842620838445 0.00652981496394397 0.0065112336004488 0.00649268063130535 0.00647360877200018 0.00643871692702845 0.0064202832665162 0.00640187120990421 0.00638347886721357 0.00636510432973242 0.00634320054667502 0.00632484822464331 0.00630650932803294 0.00628818356939881 0.00626987189430921 0.00613835276536389
0.00735051131549533 0.00732949909474311 0.0072785698669545 0.00725738826547169 0.00723624873514718 0.0072151527714214 0.00719410179180726 0.00716706801732576 0.00714603773286107 0.00712539075602929 0.00710445367962546 0.00708356795063253 0.00706135777980555 0.0070404877438769 0.00701967170824939 0.00699891001198046 0.00697820284785715 0.00685798235099766 0.0068380794274485 0.00681822676113325 0.0067984894455546 0.00677872825856093 0.00674789323721414 0.00672897773515624 0.00671010336282501 0.0066912691458372 0.00667194189181123 0.00664364408050064 0.00662484087079395 0.00660607390110915 0.00658734180040718 0.00656864314675471 0.00654924826401727 0.00653060992642774 0.00651200055847919 0.00649341851798044 0.00647431468268342 0.00643958205825812 0.00642111417028104 0.00640266584881882 0.00638423474011102 0.00636581831343373 0.0063439080044589 0.00632550477883131 0.00630710890290852 0.00628871882518782 0.0062703340871916 0.00613926845344157
0.00735116519783958 0.00733012026257349 0.00727846293511537 0.00725724629098656 0.00723607198923015 0.00721494165791868 0.00719385683990177 0.00716688859907885 0.00714582551794658 0.00712514954997255 0.00710418139873027 0.00708326561552869 0.00706240302161339 0.00704159430376946 0.00702083998330754 0.00700014042779379 0.00697949584305353 0.00685822319242475 0.00683829529232191 0.00681841879941231 0.00679865935606146 0.00677887635433074 0.0067488609763206 0.00672992174136617 0.00671102435011295 0.00669216769571208 0.00667281560265116 0.00664461752614721 0.00662579229264514 0.00660700329293361 0.00658824900888885 0.00656952787912406 0.00655010728046943 0.00653144551391972 0.00651281208778428 0.00649420527450513 0.00647562326962856 0.00644050596848525 0.00642200990759031 0.00640353230087179 0.00638507054435326 0.00636662170643621 0.00634471592279991 0.00632627465944094 0.00630783685647873 0.0062894005093884 0.00627096556975777 0.00614038501446443
0.00735183453606751 0.00733075520627568 0.0072783687113165 0.0072571153401402 0.00723590467000614 0.00721473847384576 0.00719361843177407 0.00716671435003174 0.00714561734494238 0.00712491148995568 0.00710391143813541 0.00708296494211465 0.00706207289836844 0.00704123605544143 0.00702045498187781 0.00699973007694171 0.00697906156160483 0.00685846501120913 0.00683851288303074 0.00681866719495085 0.0067988331755851 0.00677902976832032 0.00674983523186313 0.00673087409871697 0.0067119557230925 0.00669307885541266 0.00667370419715244 0.00664560839196216 0.00662676385654486 0.0066079556957671 0.00658918223937405 0.00657044178731958 0.00655099859631952 0.00653231687539752 0.00651366307866654 0.00649503545483219 0.00647643221499177 0.00644148228311957 0.00642296354558502 0.00640446304824707 0.00638597819964629 0.00636750592639453 0.00634561523156768 0.00632714806453847 0.00630868180005356 0.00629021374464441 0.00627174448865918 0.00614166738846999
0.00735251747328488 0.00733140186025028 0.00727828492057684 0.00725699293261381 0.00723574409543125 0.00721454033927644 0.00719338349371269 0.00716654200720762 0.00714540976628324 0.00712467295175726 0.00710364000026521 0.00708266196614502 0.0070617398321014 0.00704087441904121 0.00702006635276955 0.0069993160734696 0.00697862382538935 0.00685870304166522 0.0068387273445544 0.00681885958940174 0.00679900591708283 0.00677918346964495 0.00675081094318384 0.00673182972814315 0.00671289239281542 0.00669399753035517 0.00667460256851381 0.00664661155559338 0.00662775040804725 0.00660892589651506 0.00659013618155436 0.00657137941091436 0.0065519165183669 0.00653321800595857 0.0065145471017427 0.00649590206739499 0.00647728119578181 0.00644250235767006 0.00642396532993319 0.00640544704284556 0.00638694524070647 0.00636845708330241 0.00634659069928428 0.00632810828598665 0.00630962443392068 0.00629113355083911 0.00627263440452715 0.00614305869430181
0.00735321200851116 0.00733120070058718 0.00727820911420584 0.00725687639947603 0.00723558737961425 0.007214344154633 0.00719314871574468 0.00716636805370675 0.00714519906160102 0.00712408378173011 0.00710336297259739 0.00708235238496205 0.0070613993359878 0.00704050473067576 0.00701966926345618 0.00699889342615886 0.00697817749604716 0.0068589320106469 0.00683893328420659 0.00681904425359887 0.00679917199774334 0.00677933180460818 0.00675178240129269 0.00673278287861346 0.00671382857624445 0.0066943733605349 0.00667550487454154 0.00664762113790977 0.00662874601265833 0.00660990787519882 0.00659110468552834 0.00657233440793331 0.00655285441598154 0.00653414188481112 0.00651545660036579 0.00649679683365277 0.00647816097859301 0.00644355569829501 0.00642500318307772 0.00640647024171716 0.00638795530501773 0.00636945637700391 0.00634762158270788 0.00632913383369894 0.00631064310360458 0.00629213557385984 0.00627360204938593 0.00614451000009361
0.00735391599321699 0.00733185825252192 0.00727813866888056 0.00725676288371606 0.00723543143480068 0.00721414660404803 0.00719291055622872 0.00716618872432558 0.00714498124404462 0.00712382893987003 0.00710307593413576 0.00708203156327385 0.00706104656417827 0.00704012193884067 0.00701925846317292 0.00699845669317614 0.00697771695090979 0.00685914612674496 0.0068391247565836 0.00681921510408192 0.00679932521598503 0.00677946847062964 0.00675274322091964 0.00673372709845568 0.00671475776842469 0.0066952855170657 0.00667640451746113 0.00664863049025357 0.00662974395387529 0.00661089481838493 0.00659208079700591 0.00657329962053789 0.00655380482958326 0.00653508064012674 0.00651638312906115 0.00649771052060914 0.00647906126563921 0.00644463056768407 0.00642606350238673 0.006407516606679 0.00638898917171913 0.00637048058481814 0.00634868078141205 0.00633019751841601 0.00631171759161159 0.00629320607936977 0.00627462853538615 0.00614598633304732
0.00738458849119147 0.00736219588228408 0.0072780707862892 0.00725664934204517 0.00723527297536183 0.00721394416149298 0.00719266524999007 0.00716600001549219 0.00714475207166905 0.00712356092469559 0.00710277416828878 0.00708169454585308 0.00706067632356218 0.00703972061441155 0.00701882829024895 0.00699799998585695 0.00697723608240815 0.00686010342274303 0.00683929525256484 0.00681936545420068 0.00679943942131792 0.00677958648955502 0.00675368631043779 0.00673465520319836 0.00671567270995809 0.00669618536629649 0.00667729411644974 0.00664963217261163 0.00663073671977425 0.00661187911834337 0.00659305677551837 0.00657426712213592 0.00655475956175552 0.00653602570146516 0.00651731758848837 0.0064986332806598 0.00647997116266714 0.00644571461729601 0.00642713203623329 0.00640856944050087 0.00639002694371974 0.00637150492387052 0.00623748567597688 0.00621956954178142 0.00620170220027484 0.00618378862388671 0.00616570197039806 0.00614744890672134
0.00738497455091616 0.00736253125037012 0.00727800249316794 0.00725653254796394 0.00723510852397018 0.00721373310005637 0.00719240882060202 0.00716579770026558 0.00714450706490468 0.00712327500114989 0.0071024526837402 0.00708133607904259 0.00706028309498486 0.00703929497050032 0.00701837268940745 0.00699751698218063 0.006976728306457 0.00686027177762868 0.00683943769374434 0.00681948800086458 0.00679954483351909 0.00677967817963887 0.00675460383732036 0.00673555923689454 0.00671656534616186 0.00669706477222753 0.00667816546789411 0.00665061791613101 0.00663171596892214 0.00661285234438723 0.00659402407591154 0.00657522821858271 0.00655570971569417 0.00653696789863934 0.006518250414163 0.00649955495735059 0.00648087961005316 0.00644679541164346 0.00642819439953243 0.00640961185135747 0.00639104922389002 0.00637250913794089 0.00623906352417951 0.00622112753984505 0.00620337475541334 0.00618580301287103 0.00616741240640486 0.0061487909133933
0.0073853629699298 0.00736286569958427 0.00727793064118737 0.00725640909553329 0.00723493441940155 0.00721350950383915 0.00719213709633879 0.00716557734831422 0.00714424153015826 0.00712296620637877 0.00710175341742571 0.00708095064179826 0.00705986106493334 0.00703883889347273 0.00701788524057028 0.00699700095162197 0.00697618658149567 0.00686040489377367 0.00683960065155728 0.00681957481692141 0.00679961482219084 0.00677973512616833 0.0067554871904196 0.00673643042725083 0.00671742677769288 0.00669791473578739 0.00667900949308867 0.00665157856960919 0.00663267247325727 0.00661380517936231 0.00659497327788057 0.00657617337661557 0.00655664564078966 0.0065378974574888 0.00651917167465662 0.00650046535256932 0.00648177587881616 0.00644786114598512 0.00642923672933866 0.00641062625726759 0.00639203222721905 0.00637346091712864 0.0062405829323972 0.00622267028250663 0.00620489997890571 0.00618712184969982 0.0061685717918985 0.00614970051717262
0.00738575095170827 0.00736319616520044 0.00727785190648337 0.00725627540393706 0.00723474682635843 0.00721326928318962 0.00719184573088056 0.00716533435195835 0.00714395059107743 0.00712262938584945 0.00710137295458074 0.00708053248949425 0.00705940417160288 0.00703834598975617 0.00701735920449824 0.00699644479732695 0.00697560344456916 0.00686049493923944 0.00683966341119289 0.00681961735184278 0.00679964050563024 0.00677974815031913 0.00675632693341387 0.00673725912735816 0.00671824719474852 0.00669872532560477 0.00667981616777107 0.006652504025872 0.00663359603431866 0.00661472731406335 0.00659589394599788 0.00657650917723664 0.00655755672093267 0.0065388037949457 0.00652007095327099 0.00650135433343257 0.00648265012389814 0.00644890199039542 0.0064302483263154 0.00641159894537612 0.00639295407207902 0.00637431651453024 0.00624193533770232 0.00622386878420723 0.00620578055959115 0.00618755455476641 0.00616905593694689 0.00615035553838075
0.00738613551293291 0.00736351939968576 0.00727688169818031 0.007256127721966 0.00723454174641176 0.00721300819236986 0.00719153022789739 0.00716506395778955 0.00714362922715909 0.00712225923875134 0.00710095639406696 0.00708007571133435 0.00705890616683983 0.00703780965071605 0.00701678758842102 0.00699584111965928 0.00697497106927311 0.00686053364658061 0.00683967355649097 0.00681960644713009 0.00679961229965685 0.00677970727788511 0.00675711275001649 0.00673803474115557 0.00671904699900098 0.00669948558643703 0.00668057443273537 0.00665338313413499 0.0066344753853692 0.00661560731380432 0.00659677442552097 0.00657738539758197 0.00655843093868653 0.00653967497330265 0.00652093676527963 0.00650221137221337 0.0064834933466757 0.00644991104162217 0.00643122480009551 0.00641252839148157 0.00639381695838843 0.00637508629229852 0.00624316278627694 0.00622491383675276 0.00620659815520078 0.00618817574524975 0.00616962613348975 0.00615098864885485
0.00740315314371962 0.00738031047043834 0.0073134387854991 0.00729200901853823 0.00726974667340585 0.0072475428730661 0.00722540096830953 0.00716971058053247 0.00714829869479939 0.00712695310938202 0.00710567641451093 0.00708482756947586 0.00705836069671345 0.00703722313957489 0.00701616323710509 0.00699518230823722 0.00697428135441439 0.0069520513537477 0.00693049415036837 0.0069097418014725 0.00688907044808842 0.00686849721210804 0.00675783337839935 0.00673874562272627 0.00671975180599615 0.00670018340687035 0.00668127207232142 0.00665049620692971 0.00663166503969546 0.00661287323486324 0.00659411562700482 0.00657479620003146 0.00655925417980406 0.00654049668387011 0.00652175522754762 0.00650302397712965 0.0064842957313039 0.00645088274603949 0.00643216670988325 0.00641342380904017 0.00639464319070646 0.00637581489602834 0.00635295040112002 0.00633390990119134 0.00631479567735943 0.00629560261470849 0.00627633871210561 0.00615155499457892
0.00740332054790091 0.00738040910565214 0.00731399359828059 0.00729250130975679 0.00727017117810478 0.00724790121646042 0.00722569497974977 0.00716927324068378 0.00714780393853214 0.00712640331906135 0.00710507415164695 0.00708381898266964 0.00705776140301447 0.00703657970418027 0.00701547895517541 0.00699446067082133 0.00697352605476425 0.00695130285302108 0.00692971569735857 0.00690894173279874 0.00688825324566153 0.00686764915941788 0.00675847653793576 0.00673937893798098 0.00672037961469065 0.00670080530579793 0.00668189552085365 0.00665129153241163 0.00663246434383597 0.00661367629524905 0.00659492131003689 0.00657559855766854 0.00656000934304361 0.00654125075147 0.00652250786331352 0.00650377475482086 0.00648504293611055 0.00645180826649997 0.00643307335699487 0.00641429520538212 0.00639545554964561 0.00637653845341773 0.00635360060172687 0.00633441487379897 0.00631514531340752 0.00629580607977583 0.00627641841839483 0.00615206241976854
0.00740347446876553 0.00738048974644424 0.00731452556010942 0.00729296668406501 0.00727056465792583 0.00724822454333019 0.00722595008778863 0.00716879387181739 0.00714726343528374 0.00712580413027333 0.00710441889312685 0.00708311043813169 0.00705710204411567 0.00703587271545128 0.007014727662728 0.00699366860432769 0.00697269696361411 0.00695047724434082 0.00692885687843048 0.00690805835453077 0.00688735008735992 0.00686673125150379 0.00675902887240295 0.00673992048862266 0.00672091557406684 0.00670133606018196 0.00668242949515953 0.00665199952053708 0.0066331783985278 0.0066143953505061 0.0065950399688101 0.00657631469304757 0.00656067546400216 0.00654191333983299 0.00652316869513224 0.00650443725607463 0.00648571062662861 0.00645266874568266 0.00643393493135853 0.00641514455789642 0.00639626795559872 0.00637727850663745 0.00635427458979576 0.00633494062204681 0.00631550281976047 0.00629599548186522 0.00627645526861828 0.00615249658856208
0.00740361095401721 0.00738054826677492 0.00731503039182263 0.00729340072655783 0.00727092256953859 0.00724850818614299 0.0072261614989359 0.00716826754581864 0.00714667210781117 0.00712515029408253 0.0071037051874332 0.0070823396500261 0.00705637663474286 0.00703509583232823 0.00701390258734992 0.00699279881487379 0.00697178615991907 0.00694956585810829 0.00692790814165416 0.00690708108617275 0.0068863492209785 0.00686571211406497 0.00675947597554258 0.00674035453661733 0.00672134280290861 0.00670175804513903 0.00668285621859899 0.00665260288191727 0.00663379073302315 0.00661501430483727 0.00659565532366993 0.00657692425053064 0.00656122714953138 0.00654245318516072 0.00652370105109906 0.00650497108697296 0.00648625761135006 0.00645342655097774 0.00643472295838714 0.00641595803915602 0.00639708321628173 0.00637804910108603 0.00635498476170514 0.00633548346428872 0.00631584080881503 0.0062961261799967 0.00627640640918465 0.00613517435794261
