asc files/side_v1_1_2.asc
NCOLS 210 
NROWS 360 
XLLCORNER 19.2916666673365 
YLLCORNER 39.6666666673352 
CELLSIZE 0.00833333332695357 
NODATA_value -9999 
[rows 176 to 197 of 360, columns 0 to 47 of 210]
-9999 -9999 -9999 -9999 -9999 -9999 -9999 -9999 -9999 -9999 -9999 -9999 -9999 -9999 -9999 -9999 -9999 -9999 -9999 -9999 -9999 -9999 -9999 -9999 -9999 0.00847037463775508 0.0084547547906752 0.00843834325415185 0.00842139829171348 0.0083932129247705 0.00851182685115801 0.00849282416619176 0.00847132620583991 0.008451191750442 0.00842787295912913 0.00840009838352248 0.00837400548923932 0.00834688866551208 0.00832591712037952 0.00830500462751918 0.0082807869305848 0.00825584689243827 0.00823519593225615 0.00821489260800117 0.0081934176458873 0.00830189020443509 0.00827961853181916 0.00825890529021327
-9999 -9999 -9999 -9999 -9999 -9999 -9999 -9999 -9999 -9999 -9999 -9999 -9999 -9999 -9999 -9999 -9999 -9999 -9999 -9999 -9999 -9999 -9999 -9999 -9999 0.00846974905174043 0.00845394140234779 0.00843772251069902 0.00842089821513588 0.00840290657311328 0.00852238472000198 0.00850313006348255 0.00847142871836164 0.0084512772273511 0.00843090513024681 0.00840740419171817 0.00837410321795747 0.00835324527277879 0.0083261169477384 0.00830524715607768 0.00828491613967746 0.00826028681593746 0.0082398566467326 0.00821686050707807 0.00819696642316173 0.00829182773424923 0.00826979541769099 0.00824842448254101
-9999 -9999 -9999 -9999 -9999 -9999 -9999 -9999 -9999 -9999 -9999 -9999 -9999 -9999 -9999 -9999 -9999 -9999 -9999 -9999 -9999 -9999 -9999 -9999 -9999 0.00846883243926897 0.00845277299752197 0.00843625440318123 0.00841906601619194 0.00840084707940851 0.00852148388198689 0.00850246660170662 0.00848273777188971 0.00845091548145911 0.00843066839435104 0.00841021012123188 0.0083851486823332 0.00835708666956386 0.00833248998673636 0.00830851638507662 0.00828495851125783 0.00826323132491497 0.00824281096037323 0.00821750952096397 0.00819761777206716 0.00828381667408149 0.00825871301310949 0.00823931115465404
-9999 -9999 -9999 -9999 -9999 -9999 -9999 -9999 -9999 -9999 -9999 -9999 -9999 -9999 -9999 -9999 -9999 -9999 -9999 -9999 -9999 -9999 -9999 -9999 -9999 0.00846744431493741 0.00845108480980546 0.00843422220708146 0.00841665810713772 0.00840032881248479 0.00852269445574713 0.00849144312018809 0.00847203010079465 0.00845218540040567 0.00843119408876192 0.00841081978166146 0.00838624661280184 0.00836235566620485 0.00833699032053426 0.00831443565878331 0.00828840128963094 0.00826312964639522 0.00824274191890317 0.00822259710538728 0.00820273258150422 0.00827180156604118 0.00825016249029501 0.00822754172647254
-9999 -9999 -9999 -9999 -9999 -9999 -9999 -9999 -9999 -9999 -9999 -9999 -9999 -9999 -9999 -9999 -9999 -9999 -9999 -9999 0.00867566160536882 0.00866260102681114 0.00864845144310106 0.00863417551444767 0.008616352961519 0.00835360348880705 0.00835681033995503 0.00835984274383689 0.00836287196829644 0.00836612115056529 0.00869134521432956 0.0086747211353372 0.00864229653633967 0.00861879106431995 0.00859142756573996 0.00856491644983782 0.00853708253388022 0.00850678681554243 0.00846941042677598 0.00843963185811392 0.00840815254532791 0.00837357536547037 0.00834053098186648 0.00831349574357525 0.00828804467684279 0.00826444580349867 0.00823773568614958 0.00821837683523909
-9999 -9999 -9999 -9999 -9999 -9999 -9999 -9999 -9999 -9999 -9999 -9999 -9999 -9999 -9999 -9999 -9999 -9999 -9999 -9999 0.00867715769585374 0.00866382699976618 0.00864941982580692 0.00863486220378415 0.00862011337649104 0.00835815264829452 0.00836196611732564 0.00836454620768718 0.00836712745881196 0.00836987557219957 0.00867642816805633 0.00865931659041043 0.00862821962045935 0.0086027703481958 0.00857553409081415 0.00854910789295982 0.00852148313650901 0.0084880780375494 0.00845728658017143 0.00842211299140577 0.00839515424567135 0.00835669169597054 0.00832722579852917 0.00829635888501535 0.00827112960431763 0.00825158836614819 0.00822422421230483 0.00819979204765958
-9999 -9999 -9999 -9999 -9999 -9999 -9999 -9999 -9999 -9999 -9999 -9999 -9999 -9999 -9999 -9999 -9999 -9999 -9999 -9999 0.00867958300846888 0.00866506981848265 0.00864935090358729 0.00863450316830657 0.00861945358841671 0.00836700618048919 0.00836935028402624 0.00836992689671861 0.00837248898361124 0.00836311797697234 0.00865069390832772 0.00863107820182552 0.00861042055008456 0.00858736528463208 0.00856244868493643 0.00853114999831196 0.0085036601536989 0.00847314738094837 0.00843570709707394 0.00840665222646474 0.00837893341802852 0.00834988702279231 0.00831827837473426 0.00828636689984702 0.00826125497145863 0.00823465214402524 0.0082131333401227 0.00818662475286074
-9999 -9999 -9999 -9999 -9999 -9999 -9999 -9999 -9999 -9999 -9999 -9999 -9999 -9999 -9999 -9999 -9999 -9999 -9999 -9999 0.0086801058287164 0.0086653394347346 0.00865039709207406 0.0086352771579386 0.00861995513586468 0.00837454396554214 0.00837651434291009 0.00838108393045565 0.00837937559226617 0.00836721880207239 0.00863355374153679 0.00861526984256331 0.00859601355562262 0.00857013705948982 0.00854505603862769 0.00851358094415052 0.00848622193649961 0.00845014434321019 0.00842154466230328 0.00839273070571956 0.00836539759267137 0.00833358881502919 0.00830537122899383 0.00827692908825719 0.00824820815401632 0.00822478605049808 0.00820317392866536 0.00817865356724574
-9999 -9999 -9999 -9999 -9999 -9999 -9999 -9999 -9999 -9999 -9999 -9999 -9999 -9999 -9999 -9999 -9999 -9999 -9999 -9999 0.00868060241081132 0.00866653708466621 0.0086513248316424 0.0086359320559504 0.0086203487451988 0.00838430338140339 0.00838372298266418 0.00838516089826676 0.00837564317167586 0.00837577967459274 0.00862352891800846 0.00860459156226202 0.00858073858092853 0.00855708851024008 0.00852705580735099 0.00849961318831152 0.00846686946173953 0.00843716780905004 0.00840875375022681 0.00838010663920505 0.00834859359719261 0.00832050241222828 0.00829318248787884 0.00826614650113063 0.0082390655676844 0.00821167784739664 0.00818994515657658 0.00818040589501915
-9999 -9999 -9999 -9999 -9999 -9999 -9999 -9999 -9999 -9999 -9999 -9999 -9999 -9999 -9999 -9999 -9999 -9999 -9999 -9999 0.0087490422625757 0.00874750406522944 0.0087434807736279 0.0087386051905429 0.00871964386230686 0.00871278585357078 0.00870397890300215 0.00869263954364407 0.00867711838583148 0.00865797525092607 0.00767429684213903 0.00773967782941789 0.00780817998435814 0.00788366808544739 0.00795432104811423 0.00802459106869703 0.00809333785523849 0.00815804174804094 0.00821735863901022 0.00826997599876229 0.00832460745892958 0.00836232136692086 0.00839812541761795 0.00844082324672447 0.00846729110497546 0.00849083929185508 0.0085128048875667 0.00852705226444106
-9999 -9999 -9999 -9999 -9999 -9999 -9999 -9999 -9999 -9999 -9999 -9999 -9999 -9999 -9999 -9999 -9999 -9999 -9999 -9999 0.00874921186830366 0.00874497423840269 0.00872606928048469 0.00871967000676721 0.00871268124162917 0.00870445541790566 0.00869424154005579 0.00868153817327641 0.0086633620105549 0.00864458267398829 0.00771146195832461 0.00776805073679624 0.00783516787982781 0.0079011720176373 0.0079709761904262 0.00803756287617984 0.00810255724737523 0.00815904941610776 0.00821377115042547 0.00826241382237257 0.00831218405704127 0.00835000238666837 0.00839160568320674 0.00841958827748025 0.00844548373041206 0.00846739716314622 0.00848788001789897 0.00850270129387574
-9999 -9999 -9999 -9999 -9999 -9999 -9999 -9999 -9999 -9999 -9999 -9999 -9999 -9999 -9999 -9999 -9999 -9999 -9999 -9999 0.0087464510331723 0.00873020668770809 0.00872344712518679 0.00871545918623514 0.00870726549572944 0.00869771151976433 0.00868612150578996 0.00867094064464636 0.00865274503289002 0.00863298212059787 0.00774743950141593 0.00780473255111276 0.00786323262998524 0.00792782813221455 0.00799013168889356 0.00805242635032753 0.00811009226014399 0.00816519341846188 0.00821282954287425 0.00825738045498462 0.00830399270277485 0.00834922288775954 0.00837655285816657 0.00840234210043057 0.00842605256670584 0.00844710426590242 0.00846483741394558 0.00848164033397065
-9999 -9999 -9999 -9999 -9999 -9999 -9999 -9999 -9999 -9999 -9999 -9999 -9999 -9999 -9999 -9999 -9999 -9999 -9999 -9999 0.00873645084398028 0.00873026940330658 0.00872253279814541 0.0087136462415203 0.00870391475538735 0.00869286344683421 0.00867872080612896 0.00866201076882573 0.00864408715064213 0.00861879198022998 0.00779115958957153 0.00784453140231344 0.0078968694417936 0.0079560471591482 0.00801249282790343 0.00806915032531903 0.00812298468039953 0.00817265267471985 0.00821769863347442 0.00827007662249791 0.00831251213778714 0.0083406620079084 0.00836453137508293 0.00838877206705964 0.00840877638575892 0.00842835808535569 0.00844277280025919 0.00855701405207395
-9999 -9999 -9999 -9999 -9999 -9999 -9999 -9999 -9999 -9999 -9999 -9999 -9999 -9999 -9999 -9999 -9999 -9999 -9999 -9999 0.00874059179903848 0.00873370269971674 0.00872338255670894 0.00871345036258575 0.00870237899611992 0.00868833656864572 0.00867447597854127 0.00865731469680803 0.00863299370472931 0.00861145358545528 0.00783764970391618 0.00788188841855013 0.0079328556007972 0.00798667982846349 0.00803952972572778 0.00809073651771612 0.00813914004888993 0.00818348236969358 0.00822367496724375 0.00827185367139859 0.0083067723257888 0.00833463683735839 0.00835906402621667 0.00837628489274116 0.00839499238238305 0.00850894765081233 0.00852365735261038 0.00853589854111777
-9999 -9999 -9999 -9999 -9999 -9999 -9999 -9999 -9999 -9999 -9999 -9999 -9999 -9999 -9999 -9999 -9999 -9999 -9999 -9999 0.00752793173324403 0.0075797599677797 0.00762785150264326 0.00767147102564376 0.00771145717324093 0.00771046162958155 0.00774442670021449 0.0077740667671914 0.00780994558106852 0.00784920750589177 0.00788150804573069 0.00792527499418592 0.00797315293706465 0.00802173013711616 0.00806940513954315 0.00811531224036098 0.00815837798380399 0.00819755565756465 0.00824239421886991 0.00827397213096226 0.00830192437549636 0.00832651259646528 0.00834576984655268 0.00836454028098725 0.00848097418637412 0.0084916796551808 0.00850448950718551 0.00851394997490801
-9999 -9999 -9999 -9999 -9999 -9999 -9999 -9999 -9999 -9999 -9999 -9999 -9999 -9999 -9999 -9999 -9999 -9999 -9999 -9999 0.00757264498088403 0.00762586680437823 0.00767536299230018 0.00772163798465567 0.00776251974548106 0.00776434315414177 0.00779535224198907 0.00783015201120704 0.00786101435881002 0.00789652529697183 0.00793399009087317 0.00797541625023706 0.00801864253836489 0.00805966611421828 0.00810218510289895 0.00814281856868669 0.00818060138599604 0.00822519970453109 0.00825484566385172 0.00828200217826098 0.00830363939912454 0.00832442530803566 0.00834244831386854 0.00835603322279911 0.008470561252169 0.00848197524215451 0.0084923516189514 0.00849940117591424
-9999 -9999 -9999 -9999 -9999 -9999 -9999 -9999 -9999 -9999 -9999 -9999 -9999 -9999 -9999 -9999 -9999 -9999 -9999 -9999 0.00761986529689975 0.00767456472604879 0.00772661208652055 0.00777349129946805 0.00781564924075335 0.00781627939367494 0.00785326981797567 0.00788316219547451 0.00791642092761012 0.0079516665559591 0.00798651873481735 0.00802445683140932 0.00806268925772997 0.00810154294044567 0.00813895497985102 0.00817258360142048 0.008215729412645 0.00824502368626483 0.00826814617109769 0.00829085399285516 0.00831055338659602 0.00832748883705425 0.00833997188342196 0.00845349311587634 0.00846364088756783 0.00847248303890453 0.00848028147204055 0.00850125268964868
-9999 -9999 -9999 -9999 -9999 -9999 -9999 -9999 -9999 -9999 -9999 -9999 -9999 -9999 -9999 -9999 -9999 -9999 -9999 -9999 0.00766956291716397 0.00772584643510096 0.00777947920458273 0.00782235830175099 0.00786687571545512 0.00787449638393332 0.00790808580013346 0.00794245594197588 0.00797651401885863 0.00800952242980774 0.00804182461737968 0.00807612180888197 0.00811051109377296 0.00814429222587888 0.00817453052068173 0.00821656867630793 0.00824410358150417 0.00826810584216047 0.00828917887447617 0.00830747943841428 0.00832301817587923 0.00833306187140473 0.00844366722878148 0.00845226602116704 0.00845943545582154 0.00846538977502834 0.00858042106434457 0.00858498745677623
-9999 -9999 -9999 -9999 -9999 -9999 -9999 -9999 -9999 -9999 -9999 -9999 -9999 -9999 -9999 -9999 -9999 -9999 -9999 -9999 0.00772137824464423 0.00777749915642096 0.00782988639182224 0.0078795471982584 0.00792579210950569 0.00793577087948632 0.00796916766138454 0.00800495880276252 0.00803827872915983 0.0080701070980315 0.00809998272934924 0.00813079506042142 0.00816099275465997 0.00819009562173013 0.00822729838922464 0.00825246894727342 0.00827495730161556 0.00829453027737261 0.00831118611298208 0.00832442173048655 0.00833377340223574 0.00844444880110758 0.00845123187181074 0.00855256276926598 0.00855530347131049 0.0085583396610961 0.00857349890723622 0.0085754597956385
-9999 -9999 -9999 -9999 -9999 -9999 -9999 -9999 -9999 -9999 -9999 -9999 -9999 -9999 -9999 0.00743735946247532 0.00750652049038764 0.00757461808383414 0.00764118900847334 0.00770574964898981 0.00776151189075058 0.00781661497061292 0.00787450527203416 0.00792678936460084 0.00797026401627672 0.00802387004031283 0.0080620922427189 0.00809814592291262 0.00813045981827558 0.00816027632647854 0.00818836739737118 0.00821503122435556 0.00824025135181202 0.00826170207518402 0.00829527570646411 0.00831447762389445 0.00833111085991496 0.00834509324214744 0.00835647943396233 0.00836228075597603 0.00847012438127959 0.00857182207678872 0.00857482442848788 0.00857643445352592 0.00858981048322309 0.00859213891559452 0.00858977780817887 0.00858850921887489
-9999 -9999 -9999 -9999 -9999 -9999 -9999 -9999 -9999 -9999 -9999 -9999 -9999 -9999 -9999 0.00748535971960898 0.00755649988139807 0.00762659503604584 0.00769516083941596 0.0077602213361497 0.00781554542025124 0.00787873112648352 0.00793655743259044 0.00798562207963062 0.00803389628957212 0.00808776455554878 0.00812842321240828 0.00816457601376162 0.00819621091384305 0.00822451117666974 0.00825023657774013 0.00827375485966758 0.00829311854030185 0.00832454526225815 0.00834148640618162 0.00835590863715012 0.00836771546772396 0.00837694674005784 0.00838248476123842 0.00858198544368096 0.00858435923165226 0.0085849335488321 0.00858404821544775 0.00858290896387244 0.00859404201148561 0.00859291267746522 0.00858881054879257 0.00858479727932113
-9999 -9999 -9999 -9999 -9999 -9999 -9999 -9999 -9999 -9999 -9999 -9999 -9999 -9999 -9999 0.00753496599956002 0.00760823118064882 0.00768047337197437 0.00774971693407905 0.00781833622377402 0.00787627955428908 0.00794151445293978 0.00800123599948087 0.00805031912673855 0.00810177371629669 0.00815584464612008 0.00819707411823001 0.00823323134493123 0.0082643717175287 0.00829131832524257 0.00831481735045676 0.00833532066473576 0.00835102962395724 0.00837760137914418 0.00839002789571881 0.00849420800563858 0.00850125094724009 0.00850577375345656 0.00860808972304038 0.00860797964552155 0.00860590706640761 0.00860226634519582 0.00859737574938178 0.00860554041172627 0.00859916718261405 0.00859519824406979 0.00858820687796937 0.00858162278760299
