asc files/side_v1_1_1.asc
NCOLS 210 
NROWS 360 
XLLCORNER 19.2916666673365 
YLLCORNER 39.6666666673352 
CELLSIZE 0.00833333332695357 
NODATA_value -9999 
[rows 44 to 65 of 360, columns 102 to 152 of 210]
0.97555027339521 0.975612523951547 0.975700810986283 0.975783854796269 0.975845680631721 0.975907207540188 0.975994669380388 0.976055492292749 0.976141083155384 0.976201062231806 0.976260684407017 0.976338220749344 0.976397000473617 0.976545519499205 0.976620195672001 0.976672439617077 0.976737274819225 0.976821909145111 0.976872541185257 0.976922691116891 0.976972335605452 0.97701752546905 0.977066090350182 -9999 -9999 -9999 -9999 -9999 -9999 -9999 -9999 -9999 -9999 -9999 -9999 -9999 -9999 -9999 -9999 -9999 -9999 -9999 -9999 -9999 -9999 -9999 -9999 -9999 -9999 -9999 -9999
0.975541481155299 0.975609381278858 0.975692849557454 0.975776084351963 0.975838219678879 0.975900058740732 0.975988165193935 0.976049299398066 0.976180236449762 0.976240432291136 0.976318694874531 0.976377999235322 0.97643735788316 0.976537461072948 0.976612570136945 0.976678299777129 0.976750924133503 0.976815520827198 0.976896986551569 0.976948303150977 0.976999102797728 0.977045420135111 0.977095108698438 0.97722670834018 0.97727630257672 0.977325233251225 0.977372778987195 0.97741878761238 0.977560179009417 0.977607088087477 0.977653234478577 0.97769861394721 0.977743228074002 0.977780080751249 0.977831938950868 0.977874327964281 0.97791066339015 0.977951705560714 -9999 -9999 -9999 -9999 -9999 -9999 -9999 -9999 -9999 -9999 -9999 -9999 -9999
0.975532967975047 0.97559916527679 0.975685096572988 0.975768489850648 0.97583090510121 0.975920031623167 0.975981765235433 0.976043188733664 0.976173946652614 0.976234443257673 0.976313104574222 0.976372720005437 0.976432401504181 0.976529398596143 0.97660493853945 0.976691872484856 0.976744155338457 0.976809134576757 0.976890919115875 0.976942573020015 0.976993706553032 0.977040337502046 0.977090343626686 0.977221858030919 0.977271738865375 0.9773209315552 0.977367181653535 0.977423701868034 0.97755596799832 0.977602993405834 0.977649209836348 0.977694611974721 0.977732165049399 0.977784737764954 0.977827744487348 0.977855486622931 0.977906156672851 0.977946992821215 -9999 -9999 -9999 -9999 -9999 -9999 -9999 -9999 -9999 -9999 -9999 -9999 -9999
0.975524706526886 0.975591159152307 0.975677515635874 0.975761032125638 0.975823695620514 0.975913434410857 0.975975424800277 0.976037114430049 0.976167661506413 0.976228440355631 0.97630748683031 0.976367399767025 0.976427393211887 0.976521280640017 0.97659724878744 0.976684712083226 0.976750599304632 0.976802697704101 0.97688480788763 0.976936809412384 0.976984317905188 0.977035251498671 0.977085594879676 0.977217044779154 0.977267235354176 0.977314481770284 0.977363184578458 0.977416498766961 0.977551892388607 0.9775990411422 0.977645327067631 0.977683670616572 0.977737046343687 0.977780747564043 0.977809052608203 0.97786031487645 0.977901648034865 0.97794224271089 -9999 -9999 -9999 -9999 -9999 -9999 -9999 -9999 -9999 -9999 -9999 -9999 -9999
0.975516652710149 0.975583314551177 0.975670059365876 0.975753662780934 0.975816541999029 0.975906872191987 0.97596909281381 0.976031024670282 0.976161328050119 0.976222369723513 0.97630178682025 0.976361982640684 0.97642227598982 0.976535465952359 0.976589442062315 0.976677435991719 0.976743708563051 0.976796149126071 0.976878591672147 0.976930951608203 0.97697880734716 0.977030104791755 0.977080808442111 0.977212219097634 0.977260507548713 0.977310276404052 0.977359262200365 0.977412854953145 0.977547935645786 0.977595219135343 0.977634464730422 0.977679917973871 0.977733251268797 0.977776831882656 0.977804957081477 0.977856020935208 0.977897099138892 0.97793741162877 -9999 -9999 -9999 -9999 -9999 -9999 -9999 -9999 -9999 -9999 -9999 -9999 -9999
0.975508744949268 0.975575571934203 0.975662669494792 0.975746324483394 0.975809387465112 0.975900288113921 0.975962712414713 0.976024862317993 0.976154888257759 0.976216172546074 0.976295944763422 0.976356407617493 0.976416987388071 0.976527161104436 0.976616308038076 0.976669977425768 0.976736634725733 0.976789419030514 0.976872199519994 0.976924928062874 0.976973145583203 0.977024827271823 0.977075916924505 0.977207318008097 0.977255945847669 0.977306068069877 0.977351286712675 0.977409282206232 0.977544076901911 0.97758435990234 0.977630826734917 0.977685130418848 0.977729541077895 0.977758329687393 0.977810062595006 0.977851684753062 0.977892459525285 0.977932443244094 -9999 -9999 -9999 -9999 -9999 -9999 -9999 -9999 -9999 -9999 -9999 -9999 -9999
0.9755009070013 0.975567860232283 0.975655278550342 0.975738952374682 0.975802168951489 0.975893619961433 0.975956222012178 0.976018565928342 0.976148280018953 0.976209786010603 0.976289896851819 0.976351102024294 0.976411460376128 0.976518613597992 0.9766082817955 0.976662263120822 0.976729301959817 0.976782428876155 0.976865550312475 0.976914626052376 0.976967247660865 0.977019333558827 0.977070836135527 0.977199973364874 0.977251268434167 0.977301791102114 0.977356941781708 0.977405740144935 0.97754028865657 0.977580744056968 0.977627295146017 0.977681598317591 0.977711184568874 0.977754470954011 0.977805950940252 0.97784724733693 0.977887661396202 0.977926942937872 0.978023199873671 0.978052125908597 0.97809104160611 0.978129365304768 0.978162895087673 -9999 -9999 -9999 -9999 -9999 -9999 -9999 -9999
0.975493053258423 0.97558458566924 0.975647812779054 0.975731476384632 0.975794819005499 0.975886801803827 0.975949556755311 0.976012071102818 0.976141438423892 0.976222303055298 0.976283576466093 0.976345017666109 0.976405624525972 0.976509750994041 0.976599932392918 0.976667795387114 0.976721627776105 0.976775091966318 0.976858552938231 0.976907990801248 0.976961013838257 0.977013520606085 0.977065461215567 0.977194619147509 0.977246375174967 0.977297354285376 0.977352980105028 0.977402170312709 0.977529324978275 0.977577203136968 0.977632772667768 0.977663354050966 0.977707555954861 0.977759824551522 0.977801727346948 0.977842625042442 0.97788228697598 0.977921469988113 0.978007049432423 0.978046177539372 0.978084677817981 0.978122601876551 0.978155733339769 -9999 -9999 -9999 -9999 -9999 -9999 -9999 -9999
0.975485094753457 0.975576908802664 0.975640195609929 0.975723823985643 0.975816670231936 0.975879765936949 0.975942650252458 0.976005312066608 0.976134297259034 0.97621545038116 0.976276915624691 0.976338572077006 0.976422445039186 0.976500498499869 0.976591181569636 0.976659388991767 0.976713524542147 0.976767314840631 0.976851107428635 0.97690090293817 0.976954329442558 0.97700726625936 0.977057323439966 0.977188869563887 0.977241130807134 0.977289124465228 0.977348807485439 0.97739122186583 0.977525531164345 0.977582674424923 0.977614548747803 0.977659929593244 0.977703898593859 0.977755826363269 0.977797284975146 0.977837696027351 0.97787687264492 0.977915560850455 0.97800105159628 0.97803972182791 0.978077787507937 0.978111029702079 0.978134714128765 -9999 -9999 -9999 -9999 -9999 -9999 -9999 -9999
0.975480494575664 0.975569024959642 0.975632351006897 0.975715922947726 0.975809260368425 0.975872444907351 0.975935436389683 0.975998223359699 0.976126790635546 0.97620821236741 0.976269846624438 0.976331695557091 0.976415896132978 0.976526840233219 0.976581950126021 0.976650483066292 0.976704901826142 0.976758999737794 0.97683900860376 0.976893246128747 0.976947066873255 0.977000430302327 0.977050909222008 0.97718255645379 0.977235354587899 0.977292979506505 0.977336922625163 0.977387245249701 0.977521600328568 0.977564220379965 0.977611223869491 0.977656491234762 0.977709419169855 0.977751561793299 0.97779245352479 0.977831966146985 0.977870901865353 0.97789840679826 0.97799442405311 0.978032623415106 0.978070250751794 0.978099640117126 0.978126329629922 -9999 -9999 -9999 -9999 -9999 -9999 -9999 -9999
0.975472098634211 0.975560857461656 0.975626075484933 0.975707703715213 0.975801520168455 0.975864773384998 0.975927851059398 0.975990741484263 0.976118854613536 0.976200524594095 0.976262808340466 0.97632432039495 0.976408826764383 0.976516834147059 0.976572160389239 0.976640994450798 0.976695669543806 0.976750048174329 0.976830323546549 0.976884899491912 0.976939090691254 0.976990460320223 0.977043742613064 0.977175480190466 0.97722881676992 0.977279691006518 0.977331656185241 0.977382696064885 0.977511274746588 0.977560595732201 0.977607877840599 0.977652903143991 0.977705298650219 0.977746766033871 0.977786640431501 0.977825817642175 0.977864138818141 0.97789108288428 0.977986990439191 0.978024732472164 0.978061940153857 0.978090933258296 0.978117208412463 -9999 -9999 -9999 -9999 -9999 -9999 -9999 -9999
0.975438756934434 0.975521935464042 0.97558141384778 0.975638924429857 0.975726998699393 0.975784131608643 0.975841145704622 0.975898028913754 0.976024630309163 0.976100625709705 0.976157212669858 0.976213119169452 0.97629224599659 0.976384110199415 0.976452811167964 0.976507205501274 0.976561350413646 0.976615227146849 0.97670728932887 0.976760641687095 0.976811227619392 0.976863839044203 0.976916031627693 0.976967755199174 0.977015409229001 0.977067775359639 0.977117752924713 0.977166917695361 0.977235861740304 0.977283120860195 0.977327798713523 0.977378407686279 0.977417523940147 0.977519751764 0.977556486312119 0.977592292353724 0.977616698649934 0.97765114140528 0.97796506685581 0.978002714947361 0.978039860780357 0.978068806711982 0.97809500892257 0.978153225386795 0.978181744872055 0.978216025239463 0.978249965414152 0.978283586483531 -9999 -9999 -9999
0.975428001615034 0.975511395705957 0.975570886797654 0.975628409144907 0.97571694261651 0.975774107312931 0.975831167809998 0.975888111899067 0.976013689253587 0.976072243718305 0.976146595993346 0.976202619600899 0.976282011061346 0.976374279646333 0.976443198356965 0.976497751358617 0.976552072625481 0.976601960726694 0.97669783229275 0.976751428133239 0.976802239364904 0.976855150917194 0.976907675733914 0.976959765100403 0.977007824733448 0.977060634192507 0.977111056434588 0.977154587490214 0.977229813106953 0.97727738186183 0.977322633555038 0.977373337815733 0.977412136514742 0.977513131124647 0.977549122900395 0.977584361565382 0.977608297420584 0.977642344644437 0.977955904764872 0.977993231830048 0.97802231534932 0.978058721390151 0.978084588838313 0.978141590842937 0.978169824584738 0.978203853313166 0.97823755031858 0.978270937025045 -9999 -9999 -9999
0.975433020119115 0.975500381610175 0.975559874845583 0.97561739602553 0.975706380947736 0.975763560860561 0.975820649414919 0.975877634260908 0.976004253893507 0.976060804442765 0.9761353479291 0.97621536531018 0.976308543190907 0.976363735305093 0.97643283684898 0.976487507144794 0.976541959011756 0.976591965171464 0.976687429906639 0.976738711863019 0.976792173825985 0.976845310207169 0.976898084215353 0.976950447056985 0.977000526659231 0.977051929435394 0.977096466665 0.977146316353077 0.977221302048219 0.977268644866406 0.977323273033763 0.977364518546756 0.977402915628594 0.977503589617543 0.977539481179071 0.977563860886403 0.977598287115053 0.977632133353745 0.977945473613873 0.977982592373369 0.978011448612891 0.978037526720051 0.97807322411733 0.978129056285052 0.978157041063119 0.97819085116517 0.978224333286414 0.97825751034235 -9999 -9999 -9999
0.975421408133977 0.975488845884454 0.975548331091436 0.975638020891768 0.975695268049479 0.975752447277674 0.975809546212951 0.975866552317956 0.975992118268692 0.976048713820992 0.976123426092673 0.976203650719337 0.976297180436615 0.976352433649363 0.976421681608589 0.976476425388924 0.976530958674623 0.976581026047273 0.976676020547956 0.976727365780233 0.97678095229373 0.976834227352864 0.976887156311237 0.976936096682707 0.976989983444096 0.977041588381197 0.977086303180856 0.977136244921892 0.977210857834544 0.977257659873627 0.977311489703378 0.977352316173168 0.977391073760072 0.977491424299482 0.977527640085615 0.977552170249367 0.977586657245922 0.977620489714656 0.977933753455505 0.977962967225725 0.97799949091378 0.978025359189753 0.978060892244491 0.978109390043455 0.978143369650953 0.978176993232297 0.978210288060575 0.978228123403213 -9999 -9999 -9999
0.975409241005454 0.975476748529092 0.975536215484343 0.975626342902522 0.97568356453195 0.975740727693057 0.97579781998866 0.975854828626156 0.975979318260851 0.976054452307478 0.976110795888846 0.976191204454455 0.976285062675506 0.976340342395105 0.976409700486208 0.976464473468434 0.976510102085614 0.976569107667341 0.976660988907578 0.976714898753721 0.976768526567181 0.976821846657502 0.976874826561684 0.976923829537397 0.976977813641471 0.977023288265534 0.977074409537378 0.977124596306624 0.977199130422388 0.977254945668378 0.977297813607522 0.977338652947116 0.977377561646634 0.977477603251604 0.977514129791953 0.977538896623056 0.977573570993836 0.977607512896834 0.977920806971092 0.977949994630809 0.977986466313504 0.978012180018024 0.978047596465248 0.978094971133258 0.978128800674651 0.97816226542806 0.978195397230624 0.978211330589657 -9999 -9999 -9999
0.975348003802757 0.97540523947758 0.975474478458804 0.975478881356321 0.975536290951819 0.975593650033183 0.975650946163691 0.975708166234535 0.975801337087202 0.975877034174248 0.975933816427094 0.976014822329845 0.976109421596223 0.976214827033547 0.97627077575607 0.976326523496288 0.976377733651929 0.976433046986828 0.976498517687249 0.976553297288194 0.976607782840201 0.976661948010296 0.976715760095314 0.976802222850517 0.976848898870431 0.976901465111341 0.976953409248104 0.977004598643356 0.977054848681021 0.977111023910676 0.977153390343838 0.977194478877108 0.977234020040821 0.97733074736475 0.977357116993017 0.977393266893409 0.977428514687827 0.977462961187512 0.977496689108492 0.977521919080043 0.977554430656825 0.97757609962995 0.977601322107349 0.977721675112234 0.977752641043827 0.977783252578276 0.977813547030162 0.977826533590189 -9999 -9999 -9999
0.975335407875084 0.975392579062646 0.97546189203603 0.975468193907964 0.975525544056136 0.975582850737373 0.975640101513506 0.975697282950002 0.975789921218667 0.975865720973123 0.975947241668772 0.976042669123721 0.976098500149149 0.976203728710818 0.976259626736137 0.97630616140543 0.976366422354848 0.976418988015118 0.976486784046069 0.976541453742216 0.976595811894734 0.976649829375969 0.976699796743889 0.976789188856679 0.976835607303817 0.976887878780846 0.976939438186878 0.976990053720947 0.977048951382857 0.977095273323225 0.977139107833641 0.977180567657869 0.977220376667089 0.977316712509709 0.97734340287793 0.977379888319516 0.977415416085873 0.977450071190524 0.977476038768068 0.977509204072564 0.977541720226999 0.977563270836335 0.977588372282862 0.977707759388633 0.977738597108952 0.97776906932249 0.977782188676467 0.977811925811224 -9999 -9999 -9999
0.975322178396425 0.975382966040934 0.975472688531135 0.97545684929287 0.975514125962117 0.975571365487474 0.975628555546768 0.975687856492584 0.97577777131175 0.975853660750695 0.975935308318674 0.976031016472179 0.976086786546491 0.976191816753947 0.976247636122464 0.976293986220239 0.976351490753668 0.976406578657023 0.976474036944043 0.976528539501979 0.97658270701408 0.976636507064352 0.976688144917601 0.976768328032764 0.976820836325123 0.976872685744039 0.976923716984593 0.976984609899305 0.977031755105891 0.977078628768136 0.977123354540611 0.977165175457017 0.977205491970679 0.977290730916963 0.977328733658288 0.977365615992513 0.977401456808789 0.97743633637244 0.977462416943644 0.977495645118516 0.97752815991796 0.97754958163208 0.977574553119309 0.977692968297009 0.977723676841583 0.977754012225555 0.977766853449593 0.977796452819213 -9999 -9999 -9999
0.975308299729367 0.975369032724876 0.975459156324877 0.975444829071129 0.975502017530529 0.975559174735451 0.975616288713987 0.975675540507339 0.975764869717051 0.975840838271403 0.97592260319462 0.976018585656463 0.976074279544133 0.976179096566694 0.976225424909201 0.976280952823467 0.97633831760945 0.976393242103896 0.976460320229153 0.976514610518679 0.976568541334977 0.976617806682112 0.976673441512356 0.976752718831366 0.976804865316967 0.976856306075212 0.976906887243004 0.976967400494417 0.977014186375335 0.977060838150139 0.977105637754671 0.97714848296312 0.977189633286303 0.977274783669925 0.977313343118906 0.977350663539952 0.977386826232459 0.977421917180081 0.977448082379407 0.977481339590183 0.977503339611293 0.977528807974368 0.977559887973583 0.977677309915969 0.977707877268001 0.97772088504465 0.977750628191134 0.977780096087078 -9999 -9999 -9999
0.975293761041271 0.975354426187886 0.975444943893016 0.975432118931906 0.975489203267598 0.975546261963268 0.975603283766419 0.975662471313388 0.975751199524324 0.975827238458217 0.975909114546399 0.976005370055621 0.976075981128495 0.976156033929815 0.976211692694471 0.976267086836997 0.976324287679291 0.976379018174071 0.976445680904838 0.976499723534289 0.976549035196047 0.976604832539012 0.976650971517541 0.976736098599446 0.976787925742188 0.976839042479734 0.976900444529816 0.976948214561344 0.976996249364663 0.977042894814288 0.977087987980919 0.977131456206474 0.97716233139952 0.977258387298295 0.97729750938426 0.977335258273505 0.977371710853407 0.977398958950881 0.977433144273817 0.97746636079333 0.977488175914768 0.977513459131299 0.977544377005367 0.977660772364332 0.977691179032142 0.977703884684545 0.977733487317922 0.977762829974634 -9999 -9999 -9999
0.975169972486926 0.975231886169733 0.975324114062032 0.975392593484896 0.975450397751149 0.975508176987636 0.975565921158966 0.975625855656008 0.975721843415756 0.975804908167735 0.975902715102451 0.975959105993231 0.976030441293851 0.976112878754196 0.976168472192754 0.976225920220673 0.97628083679585 0.976335391924065 0.976412760297393 0.976466763183085 0.976516007343657 0.976571776578301 0.976617837223763 0.976676406271444 0.976728776465318 0.976791749865884 0.976841106398052 0.976891028879304 0.977011557438688 0.977059342999549 0.977105762253859 0.977150722526268 0.977183121666119 0.977124762668655 0.977165342442575 0.97720439995695 0.977241994256804 0.977270195146118 0.977316620632965 0.977350610214027 0.977366768377017 0.977398992006751 0.97743060187644 0.977871916876065 0.977800322685998 0.977743929375213 0.977685901368388 0.977626579202528 0.977664581334848 0.977611363088567 0.977577533263337
