asc files/side_v1_1_1.asc
NCOLS 210 
NROWS 360 
XLLCORNER 19.2916666673365 
YLLCORNER 39.6666666673352 
CELLSIZE 0.00833333332695357 
NODATA_value -9999 
[rows 88 to 109 of 360, columns 102 to 152 of 210]
0.975409278857708 0.975526480320921 0.975610490290135 0.975688477844489 0.975758417294047 0.975806202309862 0.97585068921225 0.975902630399335 0.975903945910006 0.975944920147143 0.975984587303878 0.976022991435743 0.976060194402474 0.976033244252556 0.976073275262669 0.976114801889304 0.976152261231326 0.976192493254235 0.976289905375462 0.976338456871164 0.976375903535266 0.976412511716822 0.976448217996888 0.976549308926301 0.976580681915869 0.9766107113293 0.976639288749781 0.976666280123258 0.976597901926383 0.976623634926213 0.976655642741078 0.976678299483791 0.976695789491958 0.976650332584615 0.976650058504711 0.976667463861095 0.976701361862567 0.976693813297092 0.976679023273799 0.976686815641615 0.976697511667116 0.976703016570533 0.976707548632343 0.976711230595158 0.976697019100828 0.976699325526133 0.976691015354397 0.976692647600795 0.976766558184131 0.976768521801125 0.976744057879461
0.975405479983798 0.975554622549163 0.975605702416893 0.975682939310551 0.97575200021599 0.975796662410976 0.975848919657458 0.97588207151766 0.975892331279025 0.975931885161803 0.975970106414812 0.976007040230768 0.976034334881222 0.976010817000589 0.976052653675546 0.976093751516235 0.976130740156155 0.976170477118879 0.976278811481872 0.976316362315064 0.976353081107696 0.976388927841719 0.976405338443853 0.976524295464867 0.976554706161376 0.976583816931786 0.976611548752686 0.976637816703389 0.976568993092775 0.976601967914446 0.976625574462808 0.976644103098459 0.976650814583017 0.976615625199298 0.97661496589586 0.976653997574564 0.976666474070897 0.976658734512257 0.976647709275042 0.976655777506571 0.97666272771295 0.976668651618239 0.976673649330177 0.976660429550485 0.976663832617696 0.97665649179338 0.976658944027023 0.976707387411145 0.976735613505334 0.976737811781186 0.97670205835762
0.97531194919468 0.975424361897957 0.97547655234598 0.97563610820351 0.975707542271982 0.975754675254765 0.975809768274296 0.975839602675581 0.975956428264281 0.975999420479584 0.976041070606122 0.976081395883547 0.976111969530707 0.976090246084104 0.97612940566614 0.976167529952547 0.976201254950365 0.976237475708553 0.97628669667477 0.976321190022665 0.97635469288162 0.976387165511444 0.976399874154889 0.976436678083369 0.976465880122016 0.976493792395526 0.976520330291604 0.976545381504249 0.976570807934958 0.976592710769382 0.976615825594709 0.976634608281222 0.976637570981751 0.976644802441875 0.97666797068367 0.97668048461438 0.976691654090536 0.976686457527289 0.97668956223877 0.976695859465446 0.976700996250599 0.976705049465488 0.976677141522693 0.97664198590182 0.976646420504986 0.976653265449118 0.976703295535118 0.97670588886598 0.976647240890707 0.976641526003458 0.976642493973636
0.975298646395212 0.975411307251951 0.975463170820809 0.97562489578643 0.975696078965494 0.975742746902632 0.975797428505133 0.975826620956655 0.975946485791992 0.97598863304983 0.97602940951911 0.9760601906803 0.976096233762489 0.976075119514583 0.976113496983529 0.97614730022134 0.976183655231633 0.976229673429325 0.976267267898062 0.976300758458544 0.976333220713949 0.976345654456609 0.976376080930994 0.976411737869032 0.976439854819679 0.976466699854053 0.976492203724382 0.97651779880429 0.976541031760569 0.97656229301187 0.976584891587413 0.976588714544487 0.976605642404019 0.976610989786971 0.976633969405577 0.97664635570184 0.976642259922224 0.976652006726581 0.976655320115975 0.976661783702237 0.976667141420288 0.976640276757249 0.976643675991914 0.976610163778702 0.976597662011006 0.976669263053768 0.976661627897526 0.976644563029608 0.976609611426215 0.976611194424271 0.976612344310494
0.975285446013145 0.975398366220939 0.975449916974501 0.975635445067113 0.975684827829968 0.975731046683574 0.97576979047692 0.975813894909236 0.975937099927088 0.975978422617344 0.976009508965439 0.976048194687034 0.976083324223134 0.976060473667991 0.976098069205864 0.976131043244809 0.976166539885333 0.976211761811668 0.976248355032276 0.976280861164677 0.976312308302683 0.976323539398889 0.976352919606202 0.976387472083905 0.976414548329613 0.976441894633967 0.976466476394326 0.976489719324253 0.976512162549535 0.97653560047612 0.976554807456248 0.9765579954563 0.976574542390355 0.976587422752328 0.976600880424831 0.976597753644519 0.976608658844472 0.976618416947581 0.976621894565639 0.976597029031197 0.976602633945136 0.976607234418519 0.976610891687276 0.976561503750556 0.976560030662439 0.976627902462013 0.976611404887513 0.976607329910246 0.976579592917395 0.976581393635287 0.976560338914485
0.975333374254227 0.975385546752815 0.975436798679157 0.975624811450251 0.975671669024467 0.97570819707468 0.97575780288467 0.975801434009154 0.975928286137416 0.975968805897256 0.975999016225957 0.97603682830766 0.976071058084469 0.976046334626801 0.976083152675088 0.976115303313198 0.976160941495694 0.976194382214726 0.976230000410261 0.976261539618283 0.97627256468794 0.976302052625948 0.976338068260574 0.976365466255962 0.976391618338908 0.976416511026314 0.976440142247136 0.976462515683265 0.97648418978548 0.976506971837552 0.976510760874965 0.976528144686125 0.976544297581015 0.976537042769981 0.976553199561856 0.976565130373882 0.976575953618229 0.976585700067908 0.976557600886289 0.976564373432221 0.976570131727335 0.976574924502858 0.976551433238294 0.976519687469105 0.97659363135717 0.976598276174064 0.976574405005373 0.976577812980748 0.976527596763853 0.976529595764126 0.976531073932094
0.975320952437073 0.975372856093177 0.975448333847706 0.975614389994478 0.975660851492679 0.975696894071257 0.975743936304074 0.975789248840934 0.975920061142632 0.975950733920034 0.975989158585138 0.976023849544646 0.976059462665937 0.976032730440552 0.9760627638566 0.976111298883504 0.976145015860197 0.976164456312965 0.97619926003687 0.976231105025076 0.976260646863985 0.976289078204937 0.976316395401461 0.976342749372182 0.976367985522542 0.976391899047178 0.976414618303888 0.976436162829868 0.976459990705792 0.976479233793849 0.976482283929534 0.976499177621064 0.976505717185915 0.976505909903129 0.976521684353788 0.976533437868881 0.976512158558767 0.976521943994725 0.97652568020518 0.976532528824077 0.976510880874253 0.976515846267082 0.976518332763054 0.976533505178319 0.976564403575611 0.976541046415806 0.976545263710593 0.976526152763909 0.976498578190289 0.97659426748024 0.976651600008299
0.975431755412693 0.97548396364983 0.975559618277843 0.975635978813458 0.975681713468938 0.975719536114357 0.97576276088911 0.975806851743209 0.975849606740208 0.975881918793975 0.975922155111107 0.975958798803172 0.975996466245699 0.976026354357644 0.976061708219271 0.97609559122129 0.976128174961206 0.976159471499542 0.976193986790379 0.976224094892057 0.976251764450845 0.976278194272208 0.976295921559219 0.976321264316083 0.976344058869974 0.976365557882373 0.976385771570842 0.97640471897464 0.976426667279123 0.976428299890718 0.976443881343962 0.976448939373287 0.976462013353468 0.976452327712007 0.976463382627501 0.976476295521986 0.976484861385423 0.976492306335364 0.976487264539436 0.976493093066541 0.976497885555416 0.976500057664621 0.976502876774733 0.976556470857055 0.976555589488155 0.976533704984967 0.976533963158984 0.976627374163303 -9999 -9999 -9999
0.975425611726691 0.97547750614685 0.975553026279839 0.975628772143231 0.975674098559081 0.975711413714887 0.975754174761255 0.975797789519539 0.975830735230466 0.975871780844301 0.97590910318727 0.975945288288253 0.975982380424047 0.976017793012053 0.976048511558431 0.976081649749967 0.97611345076779 0.976143927700175 0.976178608577189 0.976206647367092 0.976233418514675 0.976251333402351 0.976277000734925 0.976300146111356 0.976322048546641 0.976342714427671 0.976362153405548 0.976387581437041 0.9764017931654 0.976402672796048 0.976408344128418 0.97642216880291 0.976401741218292 0.976424572826552 0.976406575980214 0.976416287546219 0.976428414754744 0.976435773543146 0.976458293045971 0.976464082750149 0.976468870362237 0.976471043584924 0.976517763790158 0.976527642643104 0.976503725855161 0.97650485173736 0.976655452537558 0.976654300627814 -9999 -9999 -9999
0.975419743341414 0.975471348876842 0.975574122281762 0.975619668819804 0.975654974213817 0.975703672953243 0.975745993550995 0.975786903429012 0.975832156214815 0.975859893956444 0.975896742191869 0.975934627584768 0.975971102711789 0.976005860812165 0.976035883802638 0.976068294247435 0.976099329517671 0.976129003928688 0.976162659726051 0.976189842339578 0.976207996719659 0.97623272224379 0.976257513628152 0.976279768931777 0.976300806622543 0.976320647534634 0.976346619065607 0.976364088534653 0.976377675719094 0.976368329144257 0.976382786976463 0.97636287799003 0.976346173035563 0.976368603747956 0.976379129240283 0.976388604428343 0.976400417870123 0.976407639250217 0.976429979017028 0.97643570806614 0.976438803515089 0.976486732314039 0.976465963842069 0.976473334703964 0.976570005910087 0.976626664468232 0.976626330395921 0.976625214951425 -9999 -9999 -9999
0.975414152885109 0.975465495181708 0.975568425957001 0.975613119803309 0.975638785988658 0.975691875642839 0.975736055522476 0.97578230020876 0.975823666655887 0.975850833727837 0.97588717428763 0.97592450000572 0.975960379473298 0.975990724302239 0.976023853338393 0.976055556093371 0.97608584541232 0.976116006577473 0.976147373779168 0.976165842006146 0.976190984325138 0.976214835679716 0.976238772551284 0.976260157491504 0.976280345330656 0.976306783644014 0.976324638942202 0.976341388183783 0.976329081025666 0.976344068008745 0.97632488954656 0.976308306594826 0.976320238395582 0.97634219719843 0.976352416088429 0.976365072904425 0.976373117594413 0.976380183831343 0.976402327978191 0.976406282762735 0.976377884803278 0.976435313276387 0.976532939810657 0.97659620984516 0.976597508317833 0.976598001329609 0.976597695656536 0.976596596584737 -9999 -9999 -9999
0.975408840866187 0.975485704694232 0.975531537279374 0.975597706555134 0.975632223725705 0.975685019328425 0.975728822387117 0.975774720572655 0.975802642450607 0.97583985931248 0.975878132586077 0.975914923172507 0.975950231139882 0.975979963269511 0.976012446560704 0.976043464590784 0.976073030442731 0.97610242980393 0.976124765428743 0.976150409138987 0.976174711359677 0.976197706384525 0.976220805120495 0.976241332527086 0.97626820162537 0.976286376140397 0.97630346053954 0.976321699933515 0.976306187070667 0.976280860121704 0.976271079581573 0.976283564748473 0.976295069670413 0.976316547490242 0.976329933955266 0.976338694420617 0.976346519413508 0.976353413083961 0.976373623344028 0.976345754809544 0.976499970261175 0.976559052140341 0.976558171072675 0.976568042567912 0.976569357332162 0.976569865333292 0.976569567925897 0.976568465735209 -9999 -9999 -9999
0.975335760917067 0.975477432566768 0.975526787846003 0.975594595747186 0.975628703913935 0.975681163914434 0.975728085522049 0.975756703334437 0.975797227298834 0.9758338210379 0.975871384945245 0.975907398390582 0.975941860739803 0.975970731427565 0.97600226602471 0.97603227168195 0.976060763018318 0.976080860284852 0.97612252237213 0.976146726025826 0.976169509916501 0.976192291418654 0.976212411860124 0.976238906601519 0.976256534580985 0.976273035095959 0.976272003164199 0.976232538165768 0.976251550115869 0.976241066212039 0.976253093478022 0.976264178958897 0.976274342025355 0.976293916794357 0.976304207364733 0.976313658396726 0.976322272148472 0.976319647607545 0.976366810889249 0.976415918744696 0.976518005323051 0.976521350987887 0.976521259551713 0.976534859511325 0.976536425944763 0.976537173038906 0.976534135429823 0.976533312222666 -9999 -9999 -9999
0.975398307619748 0.975472781030808 0.975519574000272 0.975577280547659 0.975631073054543 0.975679221489315 0.975708772383775 0.975750469940777 0.97579060752297 0.975826804579635 0.975863915737094 0.975899440151384 0.9759294652117 0.975961702708293 0.97599263154833 0.976021990019228 0.976042819946024 0.976069130340641 0.976110141045958 0.97613353086178 0.976155468593644 0.97617740415271 0.976203492736119 0.976221430878835 0.976222361920589 0.976237957801746 0.97621482098936 0.976212389682489 0.976230533028962 0.976219073922742 0.97623051907659 0.976241082884283 0.976250783777849 0.976269836610366 0.976279786370976 0.976288948988552 0.976327103054827 0.976376956473326 0.976383645039311 0.9764871786314 0.976491267431794 0.976491880077319 0.976494487623701 0.976507654333812 0.976509177323047 0.976506967851525 0.976506912599015 0.97650602845244 -9999 -9999 -9999
0.975393926680341 0.975468418908487 0.975537804406102 0.975572599673169 0.97562620814668 0.975674154597057 0.97570333709116 0.97574471189794 0.975782022851658 0.975820330102275 0.97585702148888 0.975892090219762 0.975921621961503 0.975953354557481 0.975983711314821 0.976027029692848 0.976032601148367 0.976058211488211 0.976098593909463 0.976121195240363 0.97615065940051 0.976170336542705 0.976188662632622 0.976175694691457 0.976191665096857 0.976209592943816 0.97618004863858 0.976193151004 0.976210381742689 0.976197934189183 0.976208784787206 0.976218814798071 0.976231502196014 0.976246506112515 0.97631884287527 0.97629445429064 0.976344233425555 0.976351503601315 0.976456398809605 0.976461152934115 0.976465164094688 0.976466148014854 0.976468721997416 0.976478037996889 0.97647957034699 0.976479878504712 0.97647978922945 0.976504835376307 -9999 -9999 -9999
0.975389798127553 0.975464336947565 0.975533725180727 0.975568259578913 0.975625403857203 0.975655649443833 0.975698340644474 0.975739425686914 0.975776441302086 0.975814397577203 0.975850704308083 0.975885353146635 0.97591442956142 0.975945697325911 0.975975519004326 0.975996613305717 0.976023183548943 0.976048128020665 0.976087907586233 0.976104800297019 0.976125250593021 0.976143953236192 0.976144552551277 0.976143328968151 0.976158631390036 0.976159736069857 0.976162555419994 0.976174874972121 0.97619112360909 0.976177660772276 0.976187899794493 0.976200901830662 0.976272456263553 0.976253370434284 0.976304304110846 0.976311930116241 0.976319671534992 0.976425827937917 0.976431153166462 0.976331543548313 0.976437478779114 0.976440761936039 0.976442062807232 0.976451637647836 0.976453129388521 0.976453794079837 0.976479595101438 0.976478565722728 -9999 -9999 -9999
0.975385909279617 0.975460522837111 0.975529943623706 0.975578278915984 0.975607230439223 0.975651309938512 0.975693774224104 0.97573204997198 0.975771360989307 0.975809002295862 0.975844961380888 0.975875261499888 0.975907890096043 0.975938736106197 0.975959421819942 0.975967190869726 0.975993407948795 0.976033963966091 0.976079353082193 0.976094241424518 0.976113910338484 0.976097087586158 0.97611401724996 0.976129659532473 0.976128379851156 0.976124314472655 0.976146149546562 0.976157601821279 0.976172772139464 0.976158259926811 0.976213999238507 0.976243194747042 0.976283666853613 0.976272316802243 0.976280246363701 0.976282464292433 0.976290021018855 0.976296177999839 0.976301686665852 0.976306076081376 0.976412468911122 0.976440282303251 0.976442715638327 0.97645399522597 0.976455279564239 0.976455737879974 0.976477802339981 0.976476585112565 -9999 -9999 -9999
0.975447767888653 0.97549065000287 0.975567865990863 0.975616199786102 0.975644855219156 0.975688572873626 0.975730518068773 0.975768142594897 0.975776521976665 0.975814239214718 0.975846165599629 0.975873697006348 0.975906412831272 0.975898069886396 0.975906342858886 0.975935431199332 0.975969001503622 0.97601090642857 0.976016786848854 0.976039430544009 0.976036625097717 0.976056250915868 0.976074473042263 0.976075476552496 0.976091274925444 0.976088451487344 0.97611181183785 0.976124625129771 0.976180910269718 0.976169501047851 0.9762623289332 0.976238766806899 0.97622831748024 0.976236720993324 0.97623945229008 0.97624338427486 0.97625003997157 0.976259665991561 0.976290880604351 0.976299112421221 0.976321977357347 0.976325330048182 0.976327925467023 0.976345380687458 0.976345976879912 0.976350234950887 0.976349168803611 0.976393264902681 -9999 -9999 -9999
0.975446238886822 0.975489012623453 0.975570215827885 0.975614635955439 0.975643175311275 0.975686757981859 0.975728539639774 0.975766000591656 0.97576583857875 0.975803443578561 0.975839273051913 0.975869273999393 0.975901655265855 0.975885132605742 0.975915334045575 0.975915538302874 0.975959134815669 0.975984502956336 0.976008189093595 0.976030230033694 0.976026430983803 0.97604537895535 0.976062903487212 0.976062895700312 0.976069648785235 0.97607411153097 0.976142296891013 0.976153870339108 0.976200435375099 0.976200190710167 0.976208469428615 0.976217670153708 0.976201419964382 0.976206172625907 0.976213701734965 0.976244550926931 0.976250794697044 0.976256451381051 0.976286715503077 0.976310763574844 0.976314628080837 0.976317793682429 0.97632021812124 0.976320791326027 0.976371917335696 0.976371302661415 0.976365465126069 0.976359857410357 -9999 -9999 -9999
0.975444786584533 0.975512352744166 0.975569110614485 0.975601120659076 0.975633842236701 0.975677449618806 0.975717673574922 0.97575774381336 0.975762670930795 0.975800071214217 0.975830538588962 0.975871834133608 0.975903877728451 0.975867024840169 0.975880492973128 0.975908989171613 0.975952335065622 0.975977242385951 0.97600041321905 0.976021885726889 0.976017118865359 0.976042543441178 0.976035798573436 0.976051262735734 0.976059771022871 0.976116075274142 0.976127671141636 0.97617400655767 0.97617127043307 0.976179404609326 0.976183629607456 0.976171967010927 0.976201432927026 0.976208960212585 0.976215944366246 0.976222400203757 0.976228331052055 0.976272729739804 0.976283097084111 0.976287448847047 0.976291174823306 0.976289615214431 0.976291954750387 0.97634698065666 0.976343918788037 0.97634325935238 0.976337296774987 0.976337253960089 -9999 -9999 -9999
0.975435491045658 0.975511690495844 0.975556038219933 0.975587755142879 0.975633124541518 0.975672909093846 0.975716846059414 0.975756797832419 0.975766505668301 0.975803690597206 0.975815543259503 0.975849442090693 0.975881477027265 0.975844961725313 0.975874917358863 0.975919948006916 0.975946251462302 0.975970751308552 0.975993447263852 0.975989398361557 0.97601589471395 0.976033515763907 0.976025779040474 0.976074548302827 0.976090286748501 0.976158238181994 0.976134113382385 0.976147553354149 0.976122722465114 0.976135657517347 0.976165771958205 0.97617384904204 0.976181375897853 0.976188386985677 0.976194910236247 0.976200963662599 0.976245508189607 0.976245859557055 0.976255942097223 0.976260138138419 0.97626374154623 0.976319692508377 0.976320034182726 0.976319791596031 0.976319889765878 0.976314271632734 0.976312619555035 0.97631002577893 -9999 -9999 -9999
0.975471290204225 0.975511316646263 0.975557498597508 0.975587319091466 0.975628846722348 0.975672453396301 0.975723084486268 0.975762908482493 0.975744591308472 0.975781891286264 0.975813150182411 0.975846858351938 0.975855305682717 0.975840180546212 0.975869892223313 0.975914826847645 0.97594084433183 0.975965006942623 0.975987268896682 0.975989672704195 0.97600829312811 0.976072475385346 0.976050211567811 0.976063991677964 0.976120346230705 0.976110736406726 0.976092959672017 0.976098158981756 0.976132124423422 0.976140246465855 0.976147994279162 0.976148567964177 0.976155519540825 0.976175346939976 0.976206528233572 0.976212011841113 0.976219569800358 0.976224343041254 0.976234110552811 0.976291037868765 0.976294151732948 0.976295156053159 0.976297068924882 0.976296511135314 0.976291710944268 0.976290842759388 0.976289042568937 0.976286277517276 -9999 -9999 -9999
