asc files/side_v1_1_2.asc
NCOLS 210 
NROWS 360 
XLLCORNER 19.2916666673365 
YLLCORNER 39.6666666673352 
CELLSIZE 0.00833333332695357 
NODATA_value -9999 
[rows 286 to 307 of 360, columns 48 to 95 of 210]
0.0124364849668333 0.0124068710576117 0.0123711394591585 0.0124367011280643 0.0126216395784794 0.0119763415782989 0.0119201205614629 0.0119150413804126 0.0118961157443816 0.0119587930444245 0.0119206956563383 0.0118972069760121 0.0118467270820358 0.0118051341468702 0.0117619848617762 0.011715932749855 0.0116678356429368 0.0116189079212323 0.0115716281745285 0.0115236646256167 0.0114761841313201 0.0114262511575071 0.0114398149636688 0.0113942040880869 0.011350636277695 0.0113083322751903 0.0112698148742178 0.0112204604770612 0.0111902973200226 0.0111621566090387 0.0111426753417224 0.0118783855706624 0.0118652005888027 0.0118562304800653 0.0118515021203358 0.0118509558054304 0.0118544162826388 0.011861816548768 0.0118719886317239 0.0118841449913047 0.0118851859405745 0.0118981354702656 0.0117503515567984 0.0117715437024226 0.0117968906273939 0.0118270311485058 0.0118624302027293 0.0119856118313836
0.0126577082150219 0.0126269232611666 0.0125911194667542 0.012656245235283 0.0129256597848209 0.0121741584315374 0.0121625333613996 0.0121219826425483 0.0120984999801527 0.0121527386038678 0.0121064275548337 0.0120784887500066 0.0120207119248851 0.0119750114039084 0.0119211226835236 0.0118674511086228 0.0118116405942548 0.0117549159005056 0.0116999788867227 0.0116444702071115 0.011585782828871 0.011532405869744 0.0115392626437212 0.01148696748224 0.0114359638149146 0.0113887376723519 0.011344622983461 0.0112902671262975 0.0112553523727046 0.0112262442063343 0.0119553125009125 0.0119343801513958 0.0119179009755413 0.0119059448335495 0.0118985103327415 0.0118955057407895 0.0118967198105022 0.011902154544074 0.0119104398979094 0.0119211019355167 0.0119333045500255 0.0119354755153688 0.0117901500083979 0.0118128748286009 0.0118399158170107 0.0118719363780758 0.0119094296713976 0.0120346232653421
0.0128924999654933 0.0128625220773616 0.0129243017414745 0.0131058580837027 0.0124413146038224 0.0123935619862258 0.0123325218138925 0.0123360820270061 0.0124103189563823 0.0123559201187077 0.0123056930592029 0.0122718144278817 0.0122055174922474 0.0121505403345131 0.0120900335751227 0.0120281588375836 0.0119640327870044 0.011898903923476 0.0118357139591552 0.0117720828138487 0.0117053677843907 0.0116417765517623 0.0116439016503967 0.0115844668732723 0.0115266659343063 0.0114730673332699 0.0114242867352606 0.0113633744229524 0.0113233948036834 0.0112895836898735 0.0120174176570623 0.0119925924914962 0.0119725653778737 0.0119573799305721 0.0119470071902258 0.0119413288538164 0.0119401142485202 0.0119434876044205 0.0119499302301065 0.0119593259192961 0.0119712022958049 0.0119740698393238 0.0118316530466351 0.011856112904361 0.0118851357961996 0.0119193609295854 0.0119592888490033 0.012090017355428
0.013141304854861 0.0132119297027531 0.0131702354891251 0.0134399436678567 0.0126817455888421 0.0126155933043422 0.0126174976498666 0.0126878693486159 0.0126346724011806 0.0125742079467497 0.01251719867792 0.0124760467079693 0.0124015228029574 0.0123381772266942 0.0122690717644655 0.0121972077390431 0.0121251826660089 0.0120511857373951 0.0119791312920231 0.0119029180285892 0.0118314752979992 0.0117595843599717 0.0117539797233902 0.0116869447480857 0.0116219234765622 0.0115628362802753 0.0115064210642478 0.0114400488289428 0.0113968153384185 0.0121163530490701 0.0120823440184585 0.0120533957658172 0.0120296102534408 0.0120110064426301 0.011997532823528 0.0119890554361682 0.0119853446829424 0.0119866898885276 0.0119914247137657 0.0119997499359671 0.0120113933353432 0.0120264153557057 0.0118757932922489 0.011902086961016 0.0119332855558492 0.0119699720404011 0.0120126315471291 0.0121457595871039
0.0128668781437093 0.0129326468581812 0.0128499242946602 0.0123445450173547 0.01238049021126 0.0123281177540917 0.0123323442243225 0.0124003904099046 0.0123446941594896 0.0122875474919105 0.0122321805147256 0.0121908231439396 0.0121245052725505 0.0120620646581052 0.0119955350238045 0.0119266909848475 0.0118581037474399 0.011787244751924 0.0117156484583484 0.0116477721399002 0.0115811758660128 0.0115142624851953 0.0113848252275858 0.0113254866817971 0.0112715265101744 0.0112197573628071 0.0111717887712236 0.0111269515997682 0.0118520113299888 0.0118183101233754 0.0117893327433527 0.0117651835131506 0.0117459374904822 0.0117316019463054 0.011722126766203 0.0117173991873837 0.0117172409084131 0.0117214144531694 0.0117296507932462 0.0117417117138678 0.011757483671087 0.011777060468591 0.0117916815753752 0.0118200327061587 0.0118534581046871 0.0118924509160541 0.0119374491493161 0.0119888253210717
0.0132331309664162 0.0131521486026889 0.0133646043837362 0.0125875208525708 0.0126316254644072 0.0125869570267794 0.0126847381319199 0.0126447472875375 0.0125836469752129 0.0125210769404207 0.0124581200905996 0.0124093660073446 0.0123350803654345 0.0122639073419294 0.012187271826496 0.0121100910872442 0.0120325009628441 0.0119523129075435 0.0118713454798539 0.0117943453065772 0.0117167958854637 0.0116432711565666 0.0115052208796519 0.0114382005743161 0.0113769493840468 0.0113183778243835 0.0112640555747526 0.0112166215602708 0.0119361437593013 0.0118974676580625 0.0118639132853957 0.0118356082491093 0.0118125956478039 0.0117948695390116 0.0117823737182058 0.0117750015413554 0.0117725995862855 0.0117749805783605 0.0117819520004576 0.0117933644483514 0.0118091715249818 0.0118294764915324 0.0118444966468484 0.0118747778176481 0.0119106069346538 0.0119524173273979 0.012000612544143 0.0120555507149243
0.0134687739981805 0.013430642402141 0.0129070389914489 0.0129587690517826 0.0129026590310881 0.0130071648994905 0.0129489443205732 0.0129036687468591 0.0128364698037666 0.0127678240766467 0.0126976248362811 0.0126410333434366 0.01255759983947 0.0124778218514354 0.0123916529086092 0.0123048056589099 0.0122170963632017 0.0121232380603274 0.012035949796066 0.0119492093857461 0.0118621125804949 0.0117794426929708 0.0116323534036929 0.0115583851150747 0.0114882770561713 0.0114225583805625 0.0113648650911607 0.0120745059803028 0.012025164665841 0.0119813191714569 0.0119430589997292 0.0119104878654882 0.0118836328351613 0.0118624767219002 0.0118469602813595 0.0118369861360893 0.0118324265092028 0.0118331383236406 0.0118389887854852 0.0118498911709617 0.0118658436583276 0.0118869569720012 0.0119138151026305 0.011934695200147 0.0119730603320378 0.0120178722172799 0.012069501676135 0.0121282905240652
0.0137640684072554 0.0132574539654648 0.013198350546556 0.0132421906613842 0.0131954799742493 0.0132911185239562 0.0132286343742219 0.0131764988711454 0.0131046699979941 0.0130292038341034 0.0129513615021106 0.0128866075373556 0.0127938465998755 0.0127043754430855 0.0126080339765208 0.0125106735961682 0.0124123318947027 0.0123077140352872 0.0122098319011422 0.0121127065940758 0.012015455477069 0.0119230811218229 0.0117711796293881 0.0116839356083747 0.0116058092045712 0.0115326078806517 0.0114678976392129 0.0121746162792101 0.0121194458153365 0.0120702792712461 0.0120271994015773 0.0119902843476796 0.0119595447202965 0.0119349525149846 0.011916446439376 0.0119039385564941 0.0118973241405724 0.0118964966908129 0.011901369171546 0.0119119001423373 0.0119281193990234 0.0119501448340864 0.0119774458290801 0.0120004815658602 0.0120415325734545 0.0120895415416737 0.0121448518656754 0.0122077904793827
0.01406409651701 0.0135510181113916 0.0136043055369153 0.0135475533878305 0.0136521093922881 0.0135881343611824 0.0135471183798136 0.0134688899118206 0.0133896425453615 0.0133059404279868 0.0132200426170112 0.0131433481508049 0.0130439768672461 0.0129429486510819 0.0128365938147984 0.0127283857251877 0.0126128082413161 0.0125025680792389 0.012393381978014 0.0122830566325515 0.012177160199147 0.012079136673276 0.011912639636486 0.0118163919749955 0.0117298641117729 0.0116520366670894 0.0123486239859668 0.0122805505151829 0.012219383952145 0.0121647722945451 0.0121167882255159 0.0120754816648052 0.0120408450630636 0.0120128387262118 0.0119913984239352 0.0119764439193647 0.0119678895110289 0.0119656578006165 0.011969696845986 0.0119799990752483 0.0119966184774566 0.0120196809790755 0.0120474972640217 0.0120728297387822 0.0121167400521679 0.012168162056261 0.0122274187956155 0.0122948258288051
0.0134779869351402 0.0137769876073476 0.0138389796267557 0.0138881637940103 0.0138346668987652 0.0138195019209845 0.0137729725336109 0.0136117553027997 0.0135262812015152 0.0134357238916219 0.0133633150990874 0.0132576407029873 0.0131496729182437 0.0130396489808856 0.0129241342527581 0.0128064058587928 0.0126813519420072 0.0126348621767623 0.0125120683690272 0.0123952426207354 0.0122801212285672 0.0121732723767293 0.012262238931898 0.0121555487036467 0.0120548284564552 0.0119637078341692 0.0126515454431187 0.0125729560333654 0.0125017002953278 0.0124378781827285 0.0123815484272473 0.0123327269185588 0.0124423532838792 0.0124053869085389 0.0123759809500133 0.0123540410243043 0.0123394742080396 0.0123322005390366 0.0123321655176142 0.0123393522319015 0.0123537912096537 0.0123755652890322 0.0123621471006497 0.0123996470485191 0.0124336254625831 0.0124870075888453 0.0125486702050356 0.0126188418673037
0.0140670811236878 0.0141145049742261 0.0141833570277655 0.0142334452080378 0.0142219337325037 0.0141535071564549 0.0141025358221645 0.013934880087926 0.0138427394621815 0.0137444100843526 0.0136632328564353 0.0135475705883827 0.0134286968647561 0.0133069717107006 0.0131791133563621 0.0130446810633061 0.0129125542021579 0.0128482436270708 0.0127158103781924 0.0125865588938255 0.0124640133686896 0.0123411492273542 0.0124194367122428 0.0123023973139463 0.0121951957985203 0.0128692649749477 0.0127754876300993 0.0126895944251969 0.012611748421445 0.012542009037604 0.0124804131706695 0.0124269380074537 0.0125300616864903 0.0124894740088826 0.012457016285354 0.012432592561367 0.0124161171273868 0.012407524151336 0.0124067771465979 0.0124138774347795 0.012428870248672 0.0124518469091174 0.0124413759302464 0.0124813868128874 0.0125185266762528 0.0125756776720264 0.0126417193338498 0.0127168681252285
0.0144247610362629 0.0144794575952416 0.0146430791613832 0.0145916708881537 0.014577756093597 0.0145058393877304 0.0144504375332917 0.0142763334317292 0.0141773509649851 0.0140709539012302 0.0139806321169188 0.0138536240672685 0.0137239036026235 0.0135892656390461 0.0134486293622778 0.0133005057568794 0.0131545671143757 0.0130765253145286 0.0129305126563168 0.0127925803597026 0.0126527820468127 0.0125178863046787 0.0125847761057272 0.0124600218723739 0.0123397179421658 0.0130083646886467 0.0129063286653396 0.0128129854158944 0.0127284600690251 0.0126527624712454 0.0125858999408664 0.0125278044212978 0.0126242586650578 0.0125801373436459 0.012544736375228 0.0125179549524897 0.0124997110655835 0.0124899493866383 0.0124886481322552 0.0124958248035073 0.0125115395458917 0.012535895473003 0.0125286467518347 0.0125713871228665 0.0126119412615135 0.012673161350132 0.0127439368883516 0.0128244767220919
0.0149062009608963 0.0149605270130541 0.0150267706463766 0.0149685229433483 0.0149523657285999 0.014879016542074 0.0148173309682015 0.0146355588605224 0.0145308956413668 0.0144161719102148 0.0143161945411522 0.0141780800151615 0.0140377721227577 0.0138881459594802 0.0137292679335337 0.0135705582738645 0.0134052058990128 0.0133170783559517 0.0131566124179651 0.013004614323728 0.0128514240876525 0.0126991652620836 0.0127586349251921 0.0126225818046906 0.0132748592410771 0.0131550067919395 0.0130445290007117 0.0129436220003435 0.0128523616171108 0.0127706971020308 0.0126985968902264 0.0126359401066141 0.0127255807618408 0.012678030859535 0.0126398084572643 0.0126108052639327 0.0125909406564798 0.0125801675477398 0.0125784771817055 0.0125859025525388 0.012602519929345 0.0126284479365546 0.0126247192583183 0.0126704304747083 0.0127259767931257 0.0127802967541648 0.012856197439911 0.0129425871158948
0.0154104692803445 0.0153607082932032 0.0154241025607554 0.0153643947860834 0.0153462055837263 0.0152696435908162 0.01520379776172 0.0150157646154302 0.0149041140836734 0.0147808574355693 0.0146700768745446 0.0145210292513281 0.0143676463315532 0.0142037539560817 0.0140297158356364 0.013855413081545 0.0136741841876222 0.0135703704885436 0.0133989774649569 0.0132276577796212 0.0130603464769007 0.0128947644054854 0.0129444413046875 0.012793633827498 0.0134391094050844 0.0133096652460808 0.0131905966525697 0.0130820487681014 0.0129840187134708 0.0128964277289602 0.0128191485925636 0.0127520145580629 0.0128347177996995 0.0127838599231155 0.0127429496567388 0.0127118697890433 0.012690539959395 0.0126789205180507 0.0126770153210434 0.0126848733383548 0.0127025887865166 0.0127302993937684 0.0127304135025801 0.0127793598067213 0.012838890053854 0.0128979788203564 0.0129794301934544 0.0130721744459452
0.015796975676803 0.0157557292280033 0.0155810312766508 0.0155197024562761 0.0155036193741409 0.0154265192722035 0.0153582015580573 0.0152564874075269 0.0151416349152218 0.0150370767477182 0.014897426834087 0.0147412584292494 0.0148350675581333 0.0146514911269565 0.0144646581196896 0.0142729897745979 0.0140741293805103 0.0139837675842405 0.0137844562211899 0.0135905643530215 0.0134017753396985 0.0132159393960452 0.0130467539115537 0.0136737062289056 0.0135237504140225 0.0133852806725537 0.0132582891748459 0.0134187190191535 0.0133088660083027 0.0132105646181196 0.013123610273819 0.0130477731283124 0.0129792638503087 0.0129249145661418 0.012881116609449 0.012847738861675 0.0128246929061698 0.012811934763388 0.0128094655972036 0.0128173315267065 0.0128356223955484 0.0128644692558508 0.0129304603007505 0.0129803086185063 0.0130413560598788 0.0131025492048457 0.0131866227408731 0.0132901868333811
0.0162260345913133 0.0161870193576717 0.0160087884852667 0.0159464629064958 0.0159289692669115 0.0158493795885377 0.0157776428254127 0.0156714590784142 0.0155496864128261 0.0154368929786058 0.0152869010779972 0.0151184340986062 0.0151985032497554 0.0150025498283462 0.0147985055060531 0.014584297598957 0.0143765650697499 0.0142657413714089 0.0140485369871202 0.0138375338178964 0.0136278696249452 0.01343462434683 0.0132485691261033 0.0138668993944564 0.0137056329784079 0.0135571100213794 0.0134212672936939 0.0135707030065582 0.0134538920844203 0.0133495639416469 0.0132574152173667 0.0131771417715122 0.0131045959397095 0.0130471695599454 0.0130009388906648 0.0129657628856322 0.0129415528469969 0.0129282718787755 0.0129259338516472 0.0129346018209942 0.0129543860479339 0.0129854410845807 0.0130520024710158 0.0131055503707645 0.0131711100425907 0.0132489362444443 0.0133280294842365 0.0134380584905863
0.016683470143637 0.0166372923049598 0.016454236371502 0.0163932246688143 0.0163739382830952 0.0162922013770197 0.0162184290538749 0.0161067238217754 0.015978769358296 0.0158610867967581 0.0156973299361181 0.0155161270960697 0.0155851031706119 0.0153720355006989 0.0151495705368897 0.0149162938354342 0.0146894372919821 0.0145615076045106 0.0143254850390749 0.0140965675842627 0.0138729624064675 0.0136610958811803 0.014256078442202 0.0140701304961526 0.0138973149189373 0.0137386192494295 0.0135939095001482 0.0137320545113749 0.0136084076424945 0.0134981989628978 0.0134010107618962 0.0133164572618445 0.0132400286547324 0.0131796817495351 0.0131311798383373 0.0130943756967119 0.0130691839814177 0.0130555782972804 0.0130535883833173 0.0130632973247486 0.0130848387549194 0.0131183937265079 0.0131856976377541 0.0132432914343887 0.0133137447358213 0.0133973586292833 0.013483196489883 0.0136001459155671
0.0171487741044287 0.0171064804980779 0.0169200770856343 0.0168584172819551 0.0168382859289795 0.0167547432878631 0.0166783555386626 0.0165626461907429 0.0164284568618893 0.0163034226903511 0.0161291003714143 0.015932129980062 0.0159917214276684 0.0157601846372567 0.0155132255943859 0.0152687517505858 0.015017384336048 0.0148713063370565 0.014615638196026 0.014368102689964 0.0141269714846597 0.0138989485806556 0.0144832978099941 0.0142840868726826 0.0140995274788211 0.0139305936451998 0.0137770635894184 0.0139036734500115 0.0137733654714395 0.01365745938066 0.0135554084405514 0.0134667416805845 0.0133865875537663 0.013323477223929 0.0132728662044382 0.0132346071331692 0.0132086234305017 0.0131949040260664 0.0131934988962971 0.0132045152381815 0.0132281139235896 0.0132645061318207 0.0133327662066786 0.0133948151003227 0.0134706143533557 0.0135605107639384 0.0136648544994116 0.0137779672768737
0.0176366411553018 0.0175929324698873 0.0174052380907455 0.0173423299742454 0.0173225031623403 0.0172364187670422 0.0171578517459962 0.0170387187494098 0.0169234802086357 0.0167670583167452 0.0165822918614412 0.0163708743023221 0.0164181922928888 0.0161668894466719 0.0159012876991326 0.0156329041959058 0.0153604172357259 0.0151952780921661 0.0149193131578631 0.0146542588444737 0.0143934967959776 0.0149507238821501 0.0147223511028132 0.0145096047206704 0.0143131503756484 0.0141339720843948 0.0139717405858113 0.014086630759458 0.0139498876060785 0.0138284949086079 0.0137217669555619 0.0136291513545123 0.0135454211176908 0.0134796966590078 0.0134271337333737 0.0133875929095832 0.0133610132618038 0.0133474050868071 0.0133468441342835 0.0133594669415844 0.0133854666369149 0.0134250892776557 0.0134945732842958 0.0135615690249091 0.0136432659087611 0.0137400605740685 0.0138523625603803 0.0139735648296711
-9999 -9999 0.017907975792973 0.0178443334028786 0.0178237371339612 0.0177370373779464 0.0176558204254976 0.0175338409877053 0.0174144030456553 0.0172506871365609 0.017047853849878 0.0168307526944276 0.0168639900907485 0.0165929415636462 0.01630344908961 0.0160126623619836 0.0157183297817446 0.0155334584022937 0.0152384412722412 0.0149486948453206 0.0146733027039088 0.0152179607324408 0.0149742403724858 0.0147477307057121 0.0145392658603457 0.0143498990333292 0.014179168923763 0.0140335282922036 0.0138963020907189 0.0137751211468872 0.0136691593204715 0.0135777959736481 0.0137744866792658 0.013704271986788 0.0136479583649244 0.0136054153613175 0.013576597004337 0.0135537826069939 0.0135525615125659 0.0135653931216659 0.0135924975981846 0.0136341494558485 0.0136256304781124 0.0136979306187141 0.0137859960926162 0.0138902258536 0.0140110274170758 0.0141311467149236
-9999 -9999 0.0184284161304357 0.0183636290081951 0.0183419280501231 0.0182535885486414 0.018170577307117 0.0180451507555652 0.01792440891373 0.0177540472964507 0.017541840616487 0.0173102385656769 0.0173301365029528 0.0170300384088307 0.0167227948936415 0.0164071562554081 0.0160906861365198 0.0158857975066085 0.0155700767664948 0.0152608949053871 0.0157757570184994 0.0154994723870119 0.0152402710169578 0.0149998144481047 0.0147792374108569 0.0145798007464825 0.0144008740065445 0.014246180358784 0.0141031225584416 0.0139769343943134 0.0138666818023343 0.0137717092943138 0.0139600992037621 0.0138874723024293 0.0138294429503341 0.0137859069146548 0.0137568490764504 0.013733828672316 0.0137339684438511 0.0137490325208683 0.0137792867902545 0.0138250538078129 0.0138136253931644 0.0138920117976107 0.0139872818418717 0.0140998830593895 0.0142302731152573 0.0143705115718525
-9999 -9999 0.0189659974368187 0.0188993439200551 0.0188758198779589 0.018785175272117 0.0186998995049451 0.0185731172450843 0.0184481227177878 0.0182675986807896 0.0180545556013657 0.0178094532746925 0.0178090329454862 0.0174848414998247 0.0171536810044155 0.0168150983297368 0.0164768749484544 0.0162537711598839 0.0159163233112381 0.0155881800952729 0.0160896310214867 0.0157967781560044 0.0155221732606822 0.0152676558531215 0.0150348362998401 0.014825509276547 0.0146388029017235 0.0144751545864387 0.0143264965313353 0.0141953798485596 0.0140808686283618 0.0139823133328727 0.0141621668837168 0.0140871952816021 0.0140275571768152 0.0139831823711529 0.0139540938077616 0.0139310961061163 0.0139329349478175 0.0139506489256446 0.0139845597034064 0.0140350486658454 0.0140208859118022 0.0141061696590513 0.0142095847596749 0.0143316342844031 0.0144728335035448 0.0146231971368409
