asc files/side_v1_1_2.asc
NCOLS 210 
NROWS 360 
XLLCORNER 19.2916666673365 
YLLCORNER 39.6666666673352 
CELLSIZE 0.00833333332695357 
NODATA_value -9999 
[rows 44 to 65 of 360, columns 96 to 143 of 210]
0.00611623561067874 0.00609713173199225 0.0060780935094341 0.00605988221636493 0.00599465138837079 0.00597613213267331 0.00595770362258664 0.00593936971905764 0.00595396832117822 0.00592961002677932 0.00591143762367608 0.00589337330219244 0.00615420332525644 0.00613606600974254 0.00611097387426783 0.00609313955634955 0.00607543079256615 0.00605292319243276 0.00603550063080818 0.00600716597726783 0.00603429313646458 0.00601908630594792 0.00602357700616192 0.00624127571175106 0.0062263380830274 0.00621156266304586 0.00619695647080712 0.00618371290213816 0.00616946451535435 -9999 -9999 -9999 -9999 -9999 -9999 -9999 -9999 -9999 -9999 -9999 -9999 -9999 -9999 -9999 -9999 -9999 -9999 -9999
0.00611616638150189 0.00609693884859747 0.00607779247006483 0.00605949025644067 0.00599456562493185 0.00597596025907068 0.00595744902524999 0.0059377364150811 0.00595350329837388 0.00592911027987528 0.00591085939225888 0.00589271611452183 0.00615336933921672 0.00613514829540029 0.00610886912959718 0.00609055069657168 0.0060674264629401 0.00604947480852166 0.00603160460099811 0.00600712668347045 0.00603412572242909 0.0060383501686141 0.00623263486909643 0.00624069498992826 0.00621758092657966 0.00620250118664674 0.00618759426974255 0.00617405775950896 0.00615951844454058 0.00612413043197328 0.00610972119867703 0.00609552881180033 0.00605464136014316 0.0060413715389592 0.0060041805158587 0.00599074029477697 0.00597754514500915 0.00596459608031125 0.00595189231922105 0.00594148288685965 0.00592672110198299 0.00591472927553673 0.00590455223642978 0.00589299158135445 -9999 -9999 -9999 -9999
0.00611589424296475 0.00609656063568276 0.00607732453208518 0.00605894897600692 0.00599434565216935 0.0059756687541398 0.00595708802270562 0.00593779936981901 0.00595295354312054 0.00592853584570309 0.00591021570154265 0.00617089524110468 0.00615248466632665 0.00613418718712198 0.00610797894579213 0.00608958365955416 0.00606635692521415 0.00604832571561367 0.0060303724518883 0.00600707315834441 0.00603394568173717 0.00624760622087716 0.00623216321677618 0.00624010241329775 0.00621690284007416 0.00620172584934863 0.0061867228849578 0.00617309591790525 0.0061584658916506 0.00612310214838884 0.00610861228965335 0.00609434701118265 0.00605386355258737 0.00603754058106814 0.00600299588857062 0.00598952855595753 0.00597632064404595 0.00596337348903308 0.00595274744734497 0.0059377664546155 0.00592558474066355 0.00591788720429049 0.00590352979557538 0.00589204177092611 -9999 -9999 -9999 -9999
0.00611536350026657 0.00609596917382603 0.0060766767408925 0.00605825420975417 0.00599399287845793 0.0059752626269491 0.0059566280572335 0.00593727870016117 0.00595232950695765 0.00592789804266518 0.00590951850823414 0.00617003961564538 0.00615156284261567 0.00613319655924794 0.00610707655105976 0.0060886108789381 0.00606528669595866 0.00604718084853643 0.00602914862104621 0.00600702079836033 0.00603376872576706 0.00624723694910226 0.00625489915511724 0.00623951462299433 0.00621622784166443 0.00620095080098439 0.00618704760719421 0.00617212575788451 0.0061573992561497 0.00612205354771176 0.00610747619429259 0.00606667907012628 0.00605260172067544 0.0060372508530722 0.00600176181926634 0.00598826542688913 0.00597504512017108 0.00596417444190356 0.00594894679066605 0.00593655130996611 0.00592867971259637 0.00591414156440262 0.00590250158867189 0.00589109724079786 -9999 -9999 -9999 -9999
0.00611456609067578 0.0060951634396937 0.00607585330839837 0.00605741362599863 0.00599351732356991 0.00597475336647943 0.00595608159778822 0.00593668579992079 0.00595164492932699 0.00592721094526709 0.00590878214040961 0.0061691537019179 0.00615061938914736 0.00613219213392636 0.00610617822696561 0.00608764888736678 0.0060642325741722 0.00604605730162999 0.00602795052230486 0.00604931694096295 0.00603361260027691 0.00624689184185251 0.00625443375547274 0.0062389509082462 0.00621557525186596 0.00620019521278472 0.00618619172418833 0.00617116539930797 0.00615633562917638 0.00612100031657615 0.00607987382588403 0.00606546500162152 0.0060513091973581 0.00603588138836678 0.00600048372716136 0.00598695496266586 0.0059758049831699 0.00596286043577476 0.00594765564495301 0.00593530664593868 0.0059274987928712 0.00591303163560092 0.00590147959550239 0.00589017157475738 -9999 -9999 -9999 -9999
0.00611354690157141 0.00609417524102143 0.00607487951524323 0.00605644904272435 0.00599293893430348 0.00597415968320243 0.00595546653870197 0.00593603800508964 0.00595091689066567 0.00592649135165192 0.00590802320744912 0.0061682548665063 0.00614967164332568 0.00613119129418919 0.00610530184065309 0.00608671575709085 0.0060632128886015 0.00604497373886505 0.00602679721875077 0.00604928574174399 0.00626245467775529 0.00624659191143888 0.00625401452124276 0.00623843329842456 0.0062149674470703 0.00619948164216454 0.00618537371559804 0.0061702369531317 0.00615529627961018 0.00611996235747036 0.00607875309191192 0.00606424431792967 0.00605122168421618 0.00603448297348639 0.00599916840610129 0.00598769712941208 0.00597443968552601 0.00595893658513364 0.00594633190513652 0.00593831880376235 0.00592364716327219 0.00591192859925247 0.00590047952208789 0.00588928226724671 -9999 -9999 -9999 -9999
0.00611237646996005 0.00609305660999485 0.00607379568714045 0.00605539332170391 0.00599228580917876 0.00597350639762596 0.00595480543712319 0.00593535627781123 0.00595016535314973 0.00592575839511865 0.00590726025547298 0.00616736218641958 0.00614873844121921 0.00613021277824864 0.00610446654637946 0.00608583080781191 0.00606224721243498 0.00604385013288449 0.00602570915910239 0.00604931281073872 0.0062623109175845 0.00624636019765225 0.00625366537917541 0.00623798654886955 0.00621442997349237 0.00620005228953705 0.00618462030915849 0.00616936728084107 0.00615430770415744 0.00609253371989887 0.00607766064970218 0.00606303769199715 0.00604713793260121 0.00603306847717019 0.00599782473626812 0.0059863091547746 0.00597303524255509 0.00595754230200744 0.00594928224062446 0.00593704313090241 0.0059224594504533 0.00591085079639038 0.00589952239669333 0.00588856573510199 0.00586212259998759 0.00592539145392132 0.00591465923573828 0.00590411823952303
0.00611112588836865 0.00609186426146682 0.00607264778795889 0.00605428462222481 0.00597668900576719 0.0059728220736034 0.0059541238968656 0.00596796770075191 0.0059494122902327 0.00592503286210382 0.00590651320857536 0.00616649594671623 0.00614783967080434 0.00612927626863997 0.00610369239588185 0.00607985549421982 0.0060613559955584 0.00604290554847703 0.00602470781991463 0.00604942002460303 0.00626225619439984 0.00626931481694829 0.0062534123301751 0.00623763794927563 0.00621399147755354 0.00619950989890336 0.00618396281619816 0.00616858872046882 0.0061534028099381 0.00609163344427616 0.00607662781755631 0.00606187370512627 0.00604583713850056 0.00603165638939944 0.00599857556485578 0.00598489203906357 0.00596900947909859 0.0059604412135996 0.0059479202211055 0.00593309502053131 0.0059213003688143 0.00590982413301498 0.00589875177582362 0.00588782016612719 0.00593565252241465 0.00592485762204444 0.00591426539501551 0.00590385945238814
0.00610985472916921 0.00609064969951493 0.00607148006399773 0.00605316115687923 0.00597602797016755 0.00597213639728548 0.00595344867785631 0.00596723795138692 0.00594868061786398 0.00592433635153971 0.00618444269012549 0.00616567703342826 0.0061469957377932 0.0061284019049593 0.00610299987788186 0.0060790989560614 0.00606056012234044 0.00604206316009186 0.00606601388650857 0.00604962995733436 0.00626231513346052 0.0062692700918593 0.00625328296149264 0.00623741687174191 0.00621368333125287 0.00619909959915327 0.00618343714809301 0.00616793950394991 0.00612620942895652 0.00609084822445653 0.00607569674012684 0.00606184569818031 0.0060445955087822 0.00603240113512748 0.00599722112001023 0.00598085414071515 0.0059718855290839 0.00595900113003337 0.00594656137856663 0.0059318512004816 0.00592020294883656 0.00590888623103239 0.00589797284633634 0.00588720329258375 0.00593511903576514 0.00592447745973689 0.00591403127372857 0.00590504298368613
0.0061086088977555 0.00608945552984225 0.00607033125637012 0.0060520578804895 0.00597539038098391 0.00597147805000788 0.00595195415369556 0.00596654621238803 0.00594799315405867 0.00592369043058951 0.00618370443095881 0.00616492630283238 0.00614622700434765 0.00612760976659847 0.00610240942300136 0.00607845116424917 0.00605988041949617 0.00604134431722055 0.00606521810530297 0.00627879899164363 0.0062625126448071 0.00626937093855999 0.00625330570732632 0.00623735399201262 0.00621477490775627 0.00619885777479568 0.00618308316755437 0.00616746340024828 0.00612562287346312 0.00609023026516753 0.00607492353903262 0.00605828067894073 0.00604561293290259 0.00603110302963761 0.00599590385637174 0.00598378493672892 0.00597040016889106 0.00595756003125108 0.00594254255911142 0.00593068379329405 0.00591921968469934 0.0059082039418137 0.00589735964718532 0.00596094643484925 0.00593477748792845 0.00592429332979772 0.00591399439332003 0.00590618594296089
0.00610742267440605 0.00608831543995637 0.00606923354709303 0.00605100504786909 0.0059748044567433 0.00597087334820685 0.00595136193289474 0.0059659156328567 0.00594692314745027 0.00592311590183843 0.00618304826249887 0.0061642639943087 0.00614555325262672 0.00612691936668113 0.00610194090840341 0.00607793206460885 0.00605923423824433 0.00604076979429733 0.00606457540812045 0.00627921644253038 0.00626287315271756 0.00626964354685697 0.00625350886095477 0.00623748016486797 0.00621483388843384 0.00619882214631451 0.0061829430778974 0.00614081017264832 0.00612526177785826 0.00608984135020011 0.00607437932607771 0.00605971433110492 0.00604469748247989 0.00602997690585144 0.00599647709888682 0.00598237821932836 0.00596891683654504 0.00595616002249556 0.00594131588691838 0.00592967427266164 0.00591854766598877 0.00590763011563806 0.00589698479456087 0.00596075200673983 0.00593468304752603 0.00592435207639337 0.00591419456847641 0.00590651939076897
0.00610492420795606 0.0060875236058329 0.00607013380846325 0.00605358925285942 0.00598828949283922 0.00598642548798791 0.00596899839826339 0.00598557117341068 0.00596862709954725 0.0059521768978549 0.0062141741217747 0.00619750906880351 0.0061808966006975 0.00616434020367587 0.00613042627858198 0.00610877093395632 0.00609239254218402 0.00607618454888734 0.00610214916974808 0.00631480021955335 0.00632159639372719 0.00630551496796294 0.00628952508064705 0.006273632411242 0.00624773260448259 0.00623203292910412 0.00619004615209947 0.00617462681133849 0.00615935015104383 0.00614423131388381 0.00613035151608896 0.0061151135288946 0.00610056888145441 0.00608628598831301 0.00606669765423634 0.0060530324266222 0.00604017095850011 0.00602566551943285 0.00601453642063967 0.00598446261475467 0.00597410503313441 0.00596404334192387 0.00602839130858521 0.00601878175879633 0.00593737916907841 0.00592710609660179 0.00591699646911108 0.00590936371559745
0.00610475558132562 0.0060873899032224 0.00607003414527898 0.00605352926814192 0.00598869441884261 0.00598681096333195 0.00596939827890912 0.0059859364902159 0.00596900307963263 0.00595256316013604 0.00621449903865988 0.0061978372268107 0.00618122355036854 0.00616466154741869 0.00613101881403295 0.00611409498823525 0.00609291731443322 0.00607668667074157 0.00610259273944207 0.00631516457867025 0.00632190123131027 0.00630578103559493 0.006289746880147 0.00627506494194649 0.00624800817514066 0.00623224357213572 0.00619020270074502 0.00617470143268838 0.00615933312253763 0.00614411248673071 0.00613011829634626 0.00611475489756423 0.00610008449983943 0.00608747167040828 0.00606603047946588 0.00605227929669544 0.0060392488086708 0.00602472183554983 0.00601369573956549 0.00598401720284561 0.00597389831035591 0.00596402044507257 0.00602853017849312 0.00601905345100917 0.00593785190514727 0.00592768927879361 0.00592001730223973 0.00591015483833067
0.00610470605300559 0.00608737280985578 0.00607004931830351 0.00605358332668412 0.00598921378018557 0.00597045913331852 0.00598698882246554 0.00598642050609995 0.00596950070205017 0.00595307468747262 0.00621496074572758 0.00619830721311196 0.00618169788594265 0.00616513634987231 0.00613123927099573 0.00611483479316776 0.00609361646733396 0.00611940820987495 0.00633205589814913 0.00631574142032873 0.00632243062852243 0.00630628464073173 0.00629022052550892 0.00627551148134738 0.00624856950884514 0.00620635875611559 0.00619068434366612 0.00617512441487312 0.00615969014329011 0.006144396331181 0.00612984508162948 0.00611487233759265 0.00610194952188465 0.00608747850684408 0.00606611839395758 0.00605244756769357 0.00603671636794507 0.00602493444427257 0.0060140530694825 0.00598447148637435 0.00597438993764361 0.00603876253654476 0.00602916731770314 0.00601976219382523 0.00593871615011167 0.00592862874380804 0.00592103721584405 0.00591426687100452
0.00610478660771071 0.00608748446740372 0.00607019235817535 0.00605376509468573 0.00598986163756016 0.0059711148438296 0.00598762026251515 0.00598703750362677 0.00597013410667374 0.00623225122019059 0.00621557356946778 0.00619893311171373 0.00618233344812496 0.0061657782200432 0.00613216077761555 0.00611575532881968 0.00609450308051109 0.00612025822681013 0.00633286732210242 0.00631654465025805 0.00632319895726363 0.00630704084977125 0.00629096207433125 0.0062762435394592 0.00624943579633301 0.00620721758105887 0.00619151515223161 0.00617592296829565 0.00616045162346193 0.00614619422887879 0.00613050984373672 0.00611548676481555 0.00610252097613695 0.00608803435415086 0.00606679682390592 0.00605330246552671 0.00603782574938107 0.00602619617845438 0.00601519785685045 0.00598572879012406 0.00597555278869139 0.00603991105597494 0.00603030482669828 0.006020912732853 0.00593997756544559 0.00593227748293177 0.00592239280866891 0.00591569737151276
0.00610500561452173 0.00608773427562595 0.00607047352570996 0.0060540855209189 0.00599064944383908 0.00597191146368622 0.00598839467718861 0.00598779959329959 0.00597091540584252 0.00623300695513403 0.00621634993038442 0.00619972715929643 0.00618314224722433 0.00616659890668516 0.00613326747633617 0.00611189383625251 0.00609558795832999 0.00612131566271428 0.00633390480791155 0.00631758472146067 0.00632421661679217 0.00630806015682254 0.00626740169023286 0.00627727242028325 0.00622422119786331 0.00620841491701873 0.00619270984347664 0.0061771138876042 0.00616163704796318 0.00614737023135042 0.00613166666937666 0.0061184646681621 0.00610361597048562 0.00608906787081542 0.00606786448015252 0.0060517815118949 0.00603952198260153 0.00602787960405864 0.00601684254955034 0.00598748301436241 0.00597721896402597 0.00604154618538105 0.00603189010832606 0.00602247308829942 0.00594161595276111 0.00593393379301936 0.00592407637688713 0.00591743891418637
0.00604079128354999 0.00602444723732516 0.00600810928189875 0.00599264720383983 0.00597632069414089 0.00595772148470266 0.00597431279951916 0.00595803952243688 0.00595709948072672 0.00626804593805164 0.00625134972866284 0.0062346852737481 0.00621805618215219 0.00620146625241393 0.0061758704932058 0.00615435766909334 0.00613794500559359 0.00616353620608696 0.00637600616674363 0.00637339398896134 0.00635693522919989 0.00634055240350727 0.00632555083163594 0.0063093283900156 0.00626329049588162 0.00624728606344146 0.00623138620027875 0.00621559903860446 0.00619993468610849 0.00617639502904898 0.00616287649397528 0.00614763756315113 0.00613260453398019 0.00611781828649602 0.00610333569561589 0.0060871991718177 0.0060751422935926 0.00606347741791793 0.00605230195314936 0.00602638291469656 0.00609028821241336 0.00608021387200391 0.00607043222023164 0.00606091117624353 0.00605162432654251 0.00604490690027289 0.00603601717282468 0.00603037341328215
0.0060414706155811 0.00602515908658218 0.00600885448992216 0.00599343447591894 0.00597714128392 0.00595855495345652 0.00597513010592194 0.00595888837225542 0.00595793636745778 0.00626857330129624 0.0062519077842093 0.00623527177839799 0.00621866888427669 0.00620210298764668 0.00617665769640869 0.0061551309232576 0.0061806516289398 0.00639327436933643 0.0063768081020357 0.00637426511517343 0.00635783290982346 0.00631693670251115 0.00632651868254597 0.00628393320909859 0.00626439999456544 0.00624843880474528 0.00623258729098433 0.00621685443238711 0.0062023526820646 0.00617791839062925 0.00616448604714583 0.00614934505429612 0.00613443663120508 0.00611983104410264 0.00610286485770864 0.00608960546242196 0.00607709933518362 0.0060653339930973 0.00605408840142526 0.00602827070684046 0.00609213714890776 0.0060819689143016 0.00607211077961617 0.0060625356795328 0.0060555895542646 0.00604649835047594 0.00603761865255415 0.00603202175807219
0.00604230287132965 0.00602602588426936 0.0060097567445401 0.00599438121630517 0.00597812376528878 0.00595955251989085 0.00597611461493168 0.00595901272570344 0.00621793858834077 0.00626928657497274 0.00625265593334696 0.00623605276258524 0.00621948062138431 0.00620238911831192 0.00617765346377951 0.00615611666253455 0.00618163396454437 0.00639428660618742 0.00637785020149139 0.00637538418849582 0.00635898724720465 0.00631815473549141 0.00630135232453491 0.00628524303994188 0.00626581749029443 0.00624991687790648 0.00623413278596789 0.00621847516826279 0.0062035206477462 0.00618176381691215 0.00616654282476032 0.00615153744969259 0.00613679604499561 0.00611922223455056 0.00610570020839216 0.00609226353708344 0.00607949569474581 0.00606763401330862 0.00605624547794123 0.0061049173262839 0.00609427569616125 0.00608399534332744 0.00607405133372618 0.00606441812206062 0.00605744773125101 0.00604834900819865 0.00603948183098038 0.0060339355870913
0.00604329021091107 0.00602705034890809 0.00601081930181892 0.0059954911960466 0.00597927237890425 0.00599345652563067 0.00597727134442651 0.00596019940144285 0.00621915124735336 0.0062701918387038 0.00625360045539273 0.00623703461842199 0.00622049777918637 0.00620343370501586 0.00617886362061246 0.00615732001515023 0.00618283908564336 0.00639553518361119 0.00637913345404301 0.00637675013584482 0.00633589330510426 0.00631963405736743 0.00630288454471844 0.00628683532063936 0.00626753030692655 0.00625170396516227 0.00623600119921777 0.00622170365455013 0.00620556946071617 0.00618406693937651 0.00616896351418715 0.00615408941174917 0.00613949141548364 0.00612204068349334 0.00610863486159545 0.00609527518810633 0.00608249574081094 0.00607032891352374 0.00605869513427394 0.00610743611533319 0.0060966326710233 0.0060862278534539 0.00607619591423432 0.00606650944400853 0.00605952439004674 0.00605042941031182 0.00604470698813394 0.00610817308464746
0.0060444338086357 0.00602823411674552 0.00601204424736104 0.00599676694178652 0.00598059006639357 0.00599474637123473 0.00597860396755218 0.005961565658302 0.00622055669865885 0.00627129393326634 0.00625474652937484 0.00623822281498619 0.00622172603099121 0.00620469385402211 0.00618029373292807 0.0061587460210832 0.00618427109764837 0.00639702272137358 0.00640337325224551 0.0063538768792832 0.00633757498991461 0.00632136750690636 0.0063046783886315 0.00628869864287269 0.00626952490681277 0.00625378364048846 0.0062394667556938 0.00622327860177608 0.00620992543820079 0.00618667830058542 0.00617167941465333 0.00615691081519378 0.00613918379279717 0.00612547084698872 0.00611168243824946 0.00609833248046608 0.00608547153908025 0.0060731225560552 0.00613588992026668 0.00611009001917063 0.00609912291438183 0.0060885970105309 0.00607848773731682 0.00607116741679175 0.00606178678443845 0.00605271796968413 0.00604706482063504 0.00611065901742911
0.00610072413614803 0.00608380738650103 0.00606690595668661 0.00605093144638118 0.0060066152012639 0.00602271800619042 0.0060063024785602 0.00598898371932574 0.00624771114860869 0.00625064107722025 0.00623401426148067 0.0062174104423964 0.0062008325111367 0.00618371173325534 0.00615730629907102 0.00618268460971692 0.00639553291233261 0.00637904704564107 0.00638531370504589 0.00633575369736087 0.00631955309917826 0.00630285754827028 0.00628688786036671 0.00627104151266603 0.00624909543593962 0.00623345335955667 0.00621924281150979 0.00620314914812614 0.00618990400048211 0.00617344665268722 0.00615841141510513 0.00614032215866112 0.00612623946281426 0.00611198846501956 0.00608035813756617 0.00606680385924242 0.00605368172243837 0.00604102100745352 0.00610353538786604 0.00614261309427405 0.00613127650208842 0.0061204283952447 0.00611004944245274 0.00610251741369461 0.00608990573189567 0.00608068331452778 0.0061470776864844 0.00613845697358089
